From wakker@sirius.astro.uiuc.edu Tue Sep  7 10:54:11 1993
Date: Tue, 7 Sep 93 11:54:08 CDT
From: wakker@sirius.astro.uiuc.edu (Bart Wakker)
To: wqd@vela.colorado.edu
Content-Length: 5407

DRACO NEB.HVC 16 49 58.6  61 09 40  90.90  38.00   900207   18676   -133 1.05  90   2.82 2.835E+19
DRACO NEB.HVC 16 49 57.9  61 09 48  90.90  38.00   800175   18676   -133 1.05  90   2.82 2.835E+19
10214+4724    10 21 31.1  47 24 23 168.12  55.03   700540   19359   -136 0.88  27   2.44 2.376E+19 ;Lawrence
10214+4724    10 21 30.2  47 24 13 168.12  55.03   800175   19359   -136 0.88  27   2.44 2.376E+19  
MRK 273       13 42 52.1  56 08 14 108.10  59.68   700391   17116   -121 0.55  90   1.36 1.485E+19 ;
4 DRA         12 27 55.9  69 28 33 125.75  47.81   800175   15199   -148 0.40  90   0.88 1.08E+19
HO II         08 13 53.5  70 52 13 144.28  32.69   600140    7336   -140 0.38 117   0.41 1.026E+19
CL 1358+62    13 58 20.7  62 45 32 109.95  52.85   800109   23247   -144 0.37  90   1.25 9.99E+18
SU UMA        08 08 05.6  62 45 22 153.96  33.14   300105    6590   -183 0.32 117   0.30 8.64E+18
MARKARIAN 501 16 52 11.8  39 50 25  63.60  38.86   700130    7649   -118 0.24  90   0.27 6.48E+18
CL 1358+62    13 58 20.7  62 45 32 109.95  52.85   800109   23247   -106 0.24  90   0.80 6.48E+18
CEPHEUS LOOP  23 47 34.1  67 13 19 117.09   5.33   900153   12835   -160 0.24 287   0.44 6.48E+18
SN1572        00 22 28.9  63 51 47 120.08   1.41   800175   25775   -187 0.23 287   0.85 6.21E+18
HI-FILAMENT   17 04 21.9  59 41 11  88.70  36.50   800175   27544   -190 0.23  90   0.92 6.21E+18
HER           17 54 32.2  37 15 22  63.26  26.42   200472    7434   -151 0.23  90   0.25 6.21E+18
DRACO NEBULA  16 19 05.0  62 25 05  93.79  41.15   800175    7431   -144 0.23  90   0.24 6.21E+18
DRACO NEBULA  16 19 03.8  62 25 21  93.80  41.15   900206    7431   -144 0.23  90   0.24 6.21E+18
ARP 330       16 48 02.1  53 29 18  81.24  39.49   800115    7168   -150 0.22  90   0.22 5.94E+18
RZ CAS        02 44 23.1  69 25 30 132.89   9.06   200509   14557   -151 0.21 287   0.44 5.67E+18
DRACO NEB.HVC 16 49 58.6  61 09 40  90.90  38.00   900207   18676   -158 0.21  90   0.57 5.67E+18
DRACO NEB.HVC 16 49 57.9  61 09 48  90.90  38.00   800175   18676   -158 0.21  90   0.57 5.67E+18
HD129333      14 37 56.3  64 30 24 105.51  49.04   200069    7502   -121 0.20  90   0.22 5.4E+18
1613+658      16 13 36.1  65 50 36  98.27  40.38   700230    8442   -169 0.20  90   0.24 5.4E+18
1613+658      16 13 36.8  65 50 39  98.27  40.37   800175    8442   -169 0.19  90   0.24 5.13E+18
A2218         16 35 36.0  66 18 36  97.74  38.14   800175   44530   -154 0.17  90   1.08 4.59E+18
3C309.1       14 58 56.7  71 52 11 109.98  42.10   700330    9917   -144 0.17  90   0.24 4.59E+18
1613+658      16 13 36.8  65 50 39  98.27  40.37   800175    8442   -125 0.17  90   0.20 4.59E+18
0954+658      09 54 58.0  65 48 15 145.75  43.13   700042    6772   -119 0.17  90   0.16 4.59E+18
PG 0834+501   08 34 02.3  50 03 00 169.32  37.23   200536    5091   -148 0.16 117   0.11 4.32E+18
MBM 41        16 56 42.3  62 37 45  92.51  36.92   900169   17914   -179 0.16  90   0.42 4.32E+18
1613+658      16 13 36.1  65 50 36  98.27  40.38   700230    8442   -125 0.16  90   0.20 4.32E+18
LS I +61 DEGR 02 36 42.6  61 00 56 135.68   1.09   800175   17004   -167 0.15 287   0.37 4.05E+18
LS I +61 DEGR 02 36 42.0  61 00 59 135.68   1.09   400035   17004   -167 0.15 287   0.37 4.05E+18
4C40.36       18 09 19.8  40 44 35  67.84  24.60   800062    5845   -117 0.15  90   0.12 4.05E+18
DRACO-NEBULA  16 51 05.0  59 59 01  89.40  38.10   900210    7758   -140 0.14  90   0.15 3.78E+18
DRACO-NEBULA  16 51 04.6  59 58 55  89.40  38.10   800175    7758   -140 0.14  90   0.15 3.78E+18
DRACO NEBULA  16 19 05.0  62 25 05  93.79  41.15   800175    7431   -133 0.14  90   0.15 3.78E+18
DRACO NEBULA  16 19 03.8  62 25 21  93.80  41.15   900206    7431   -133 0.14  90   0.15 3.78E+18
HS 47.5/22 FI 09 55 19.8  46 59 20 171.07  50.93   700188    5551   -107 0.13  39   0.10 3.51E+18
1749+096      17 49 10.5  09 39 42  34.92  17.64   700043    9507   -106 0.13  90   0.18 3.51E+18
MBM 41        16 56 42.3  62 37 45  92.51  36.92   900169   17914   -128 0.12  90   0.32 3.24E+18
LVC 88+36-2   17 11 23.5  58 53 48  87.60  35.70   900171    8042   -178 0.12  90   0.14 3.24E+18
HS 47.5/22 FI 09 55 21.0  46 59 20 171.06  50.94   800175    5551   -107 0.12  39   0.10 3.24E+18
ARP 330       16 48 02.1  53 29 18  81.24  39.49   800115    7168   -117 0.12  90   0.13 3.24E+18
UMA           10 19 20.6  41 45 09 177.90  56.36   800175    9208    -97 0.11  22   0.14 2.97E+18
DRACO-NEBULA  16 51 05.0  59 59 01  89.40  38.10   900210    7758   -110 0.10  90   0.11 2.7E+18
DRACO-NEBULA  16 51 04.6  59 58 55  89.40  38.10   800175    7758   -110 0.10  90   0.11 2.7E+18
Q1700+5153    17 00 13.5  51 53 36  79.02  37.77   700123    8196   -136 0.09  90   0.11 2.43E+18
A2218         16 35 36.0  66 18 36  97.74  38.14   800175   44530   -103 0.09  90   0.59 2.43E+18
A0620-00      06 20 11.1  00 19 05 209.39  -6.24   400112   30177    104 0.08 312   0.34 2.16E+18
HI-FILAMENT   17 04 21.9  59 41 11  88.70  36.50   800175   27544   -120 0.07  90   0.26 1.89E+18
EG 250        09 12 24.5  53 37 49 163.89  42.76   200561    8646   -154 0.07 117   0.08 1.89E+18
HD129333      14 37 56.3  64 30 24 105.51  49.04   200069    7502   -170 0.05  90   0.06 1.35E+18
M81           09 51 25.3  69 18 25 142.09  40.90   800175   21404   -107 0.04  90   0.13 1.08E+18
M81           09 51 24.1  69 18 13 142.09  40.90   600101   21404   -107 0.04  90   0.13 1.08E+18

