0.81
    1320.
    1314.
    1309.
    1304.
    1299.
    1288.
    1278.
    1276.
    1273.
    1268.
    1263.
    1258.
    1253.
    1248.
    1243.
    1239.
    1234.
    1229.
    1224.
    1219.
    1214.
    1210.
    1205.
    1200.
    1195.
    1191.
    1186.
    1181.
    1177.
    1167.
    1158.
    1149.
    1140.
    1131.
    1110.
    1059.
    1047.
    968.7
    897.0
    831.1
    812.7
    770.4
    714.5
    663.3
    615.5
    571.6
    531.1
    492.2
    459.0
    427.0
    397.3
    374.6
    369.8
    356.9
    344.4
    332.4
    320.8
    309.7
    299.0
    286.6
    278.7
    263.1
    259.8
    238.8
    226.1
    213.7
    211.0
    197.0
    187.5
    184.0
    171.8
    160.3
    145.3
    131.7
    115.7
    101.7
    84.20
    69.83
    49.74
    35.66
    29.99
    16.44
    9.247
    4.134
    1.618
   0.4450
   0.2028
   0.8725E-01
   0.2537E-01
   0.9037E-02
   0.2393E-02
   0.6809E-03
   0.1716E-03
   0.4652E-04
   0.1617E-04
   0.5946E-05
1.5880E-09 
