0.54
    2157.
    2148.
    2138.
    2129.
    2120.
    2102.
    2084.
    2080.
    2075.
    2066.
    2058.
    2049.
    2040.
    2031.
    2023.
    2014.
    2006.
    1997.
    1989.
    1980.
    1972.
    1963.
    1955.
    1947.
    1938.
    1930.
    1922.
    1914.
    1906.
    1890.
    1874.
    1858.
    1842.
    1827.
    1788.
    1701.
    1679.
    1543.
    1420.
    1306.
    1275.
    1203.
    1108.
    1021.
    940.9
    867.6
    800.3
    736.2
    681.7
    629.5
    581.5
    545.1
    537.4
    516.6
    496.7
    477.6
    459.3
    441.7
    424.8
    405.4
    393.0
    368.8
    363.7
    331.3
    311.8
    292.8
    288.8
    267.6
    253.4
    248.0
    229.9
    212.8
    190.8
    171.1
    148.1
    128.3
    103.9
    84.30
    57.68
    39.73
    32.72
    16.63
    8.679
    3.467
    1.168
   0.2456
   0.9309E-01
   0.3506E-01
   0.9080E-02
   0.3004E-02
   0.7148E-03
   0.1721E-03
   0.3183E-04
   0.6126E-05
   0.1637E-05
   0.4634E-06
2.6592E-09 
