8.80
    177.4
    176.5
    175.6
    174.8
    173.9
    172.2
    170.5
    170.1
    169.7
    168.8
    168.0
    167.2
    166.4
    165.5
    164.7
    163.9
    163.1
    162.3
    161.5
    160.7
    160.0
    159.2
    158.4
    157.6
    156.9
    156.1
    155.3
    154.6
    153.8
    152.4
    150.9
    149.4
    148.0
    146.6
    143.1
    135.2
    133.2
    121.3
    110.6
    100.9
    98.28
    92.27
    84.47
    77.46
    71.07
    65.31
    60.09
    55.17
    51.05
    47.13
    43.56
    40.87
    40.31
    38.79
    37.33
    35.94
    34.62
    33.34
    32.13
    30.73
    29.84
    28.12
    27.75
    25.45
    24.06
    22.72
    22.44
    20.94
    19.94
    19.56
    18.29
    17.08
    15.53
    14.15
    12.52
    11.12
    9.374
    7.956
    5.983
    4.601
    4.040
    2.671
    1.902
    1.289
   0.9036
   0.5865
   0.4076
   0.2295
   0.9097E-01
   0.4327E-01
   0.1862E-01
   0.9498E-02
   0.4762E-02
   0.2308E-02
   0.1211E-02
   0.6261E-03
2.3197E-10 
