0.05
    1.000000E-03	   0.7259
    2.000000E-03	   0.7196
    3.000000E-03	   0.7134
    4.000000E-03	   0.7073
    5.000000E-03	   0.7012
    7.000000E-03	   0.6893
    9.000000E-03	   0.6775
    9.500000E-03	   0.6746
    1.000000E-02	   0.6717
    1.100000E-02	   0.6659
    1.200000E-02	   0.6602
    1.300000E-02	   0.6545
    1.400000E-02	   0.6489
    1.500000E-02	   0.6433
    1.600000E-02	   0.6378
    1.700000E-02	   0.6324
    1.800000E-02	   0.6269
    1.900000E-02	   0.6216
    2.000000E-02	   0.6162
    2.100000E-02	   0.6109
    2.200000E-02	   0.6057
    2.300000E-02	   0.6005
    2.400000E-02	   0.5954
    2.500000E-02	   0.5903
    2.600000E-02	   0.5852
    2.700000E-02	   0.5802
    2.800000E-02	   0.5752
    2.900000E-02	   0.5703
    3.000000E-02	   0.5654
    3.200000E-02	   0.5558
    3.400000E-02	   0.5463
    3.600000E-02	   0.5370
    3.800000E-02	   0.5279
    4.000000E-02	   0.5189
    4.500000E-02	   0.4971
    5.690000E-02	   0.4489
    6.000000E-02	   0.4371
    8.000000E-02	   0.3684
    0.100000    	   0.3106
    0.120000    	   0.2620
    0.125900    	   0.2492
    0.140000    	   0.2211
    0.160000    	   0.1867
    0.179900    	   0.1579
    0.200000    	   0.1333
    0.220000    	   0.1128
    0.240000    	   0.9543E-01
    0.260800    	   0.8027E-01
    0.280000    	   0.6847E-01
    0.300000    	   0.5805E-01
    0.320000    	   0.4925E-01
    0.336400    	   0.4306E-01
    0.340000    	   0.4181E-01
    0.350000    	   0.3854E-01
    0.360000    	   0.3552E-01
    0.370000    	   0.3275E-01
    0.380000    	   0.3020E-01
    0.390000    	   0.2786E-01
    0.400000    	   0.2570E-01
    0.412000    	   0.2333E-01
    0.420000    	   0.2188E-01
    0.436400    	   0.1919E-01
    0.440000    	   0.1865E-01
    0.464200    	   0.1538E-01
    0.480000    	   0.1357E-01
    0.496400    	   0.1193E-01
    0.500000    	   0.1159E-01
    0.520000    	   0.9913E-02
    0.534400    	   0.8861E-02
    0.540000    	   0.8483E-02
    0.560000    	   0.7266E-02
    0.580500    	   0.6206E-02
    0.609600    	   0.4969E-02
    0.638700    	   0.3987E-02
    0.677600    	   0.2980E-02
    0.716500    	   0.2235E-02
    0.774100    	   0.1471E-02
    0.831700    	   0.9769E-03
    0.937800    	   0.4702E-03
     1.04390    	   0.2333E-03
     1.10000    	   0.1630E-03
     1.30000    	   0.4840E-04
     1.50000    	   0.1578E-04
     1.80000    	   0.3425E-05
     2.20000    	   0.5714E-06
     3.00000    	   0.2865E-07
     4.00000    	   0.1204E-08
     6.00000    	   0.6965E-11
     10.0000    	   0.1153E-13
     14.0000    	   0.1704E-15
     20.0000    	   0.1782E-17
     27.0000    	   0.2996E-19
     38.0000    	   0.2002E-21
     55.0000    	   0.6692E-24
     75.0000    	   0.2632E-26
     100.000    	   0.5765E-29
1.2296E-12 
