2.00
    639.2
    638.4
    637.6
    636.8
    636.0
    634.3
    632.7
    632.3
    631.9
    631.1
    630.3
    629.5
    628.7
    628.0
    627.2
    626.4
    625.6
    624.8
    624.0
    623.2
    622.4
    621.6
    620.9
    620.1
    619.3
    618.5
    617.7
    617.0
    616.2
    614.6
    613.1
    611.6
    610.0
    608.5
    604.7
    595.8
    593.5
    578.9
    564.7
    551.0
    547.1
    537.7
    524.8
    512.4
    500.1
    488.4
    476.9
    465.3
    455.0
    444.5
    434.3
    426.2
    424.4
    419.6
    414.8
    410.1
    405.5
    400.9
    396.4
    391.1
    387.6
    380.5
    379.0
    368.9
    362.5
    356.0
    354.6
    347.0
    341.6
    339.5
    332.2
    325.0
    315.0
    305.4
    293.2
    281.6
    265.4
    250.4
    225.5
    203.6
    193.1
    160.8
    134.9
    105.2
    77.04
    43.70
    23.18
    7.691
    1.399
   0.4641
   0.1725
   0.7739E-01
   0.2913E-01
   0.9719E-02
   0.4004E-02
   0.1785E-02
1.1106E-09 
