13.09
    162.1
    161.3
    160.5
    159.8
    159.0
    157.4
    155.9
    155.5
    155.1
    154.3
    153.6
    152.8
    152.1
    151.3
    150.6
    149.9
    149.1
    148.4
    147.7
    147.0
    146.2
    145.5
    144.8
    144.1
    143.4
    142.7
    142.0
    141.4
    140.7
    139.3
    138.0
    136.7
    135.4
    134.1
    130.9
    123.7
    121.9
    111.0
    101.2
    92.43
    90.01
    84.53
    77.41
    71.01
    65.17
    59.91
    55.14
    50.65
    46.88
    43.30
    40.03
    37.57
    37.05
    35.66
    34.33
    33.06
    31.84
    30.67
    29.56
    28.28
    27.47
    25.88
    25.55
    23.44
    22.17
    20.94
    20.68
    19.31
    18.38
    18.04
    16.87
    15.77
    14.34
    13.07
    11.58
    10.29
    8.682
    7.378
    5.562
    4.288
    3.771
    2.509
    1.798
    1.230
   0.8711
   0.5716
   0.3998
   0.2266
   0.9080E-01
   0.4367E-01
   0.1907E-01
   0.9839E-02
   0.4953E-02
   0.2384E-02
   0.1232E-02
   0.6245E-03
2.1199E-10 
