3.25
    213.9
    212.8
    211.7
    210.7
    209.6
    207.6
    205.5
    205.0
    204.5
    203.5
    202.4
    201.4
    200.4
    199.5
    198.5
    197.5
    196.5
    195.5
    194.6
    193.6
    192.7
    191.7
    190.8
    189.9
    188.9
    188.0
    187.1
    186.2
    185.3
    183.4
    181.7
    179.9
    178.2
    176.4
    172.2
    162.6
    160.2
    145.7
    132.7
    121.1
    117.9
    110.6
    101.2
    92.71
    84.99
    78.05
    71.76
    65.84
    60.88
    56.17
    51.88
    48.65
    47.97
    46.15
    44.41
    42.74
    41.15
    39.63
    38.17
    36.50
    35.44
    33.37
    32.93
    30.18
    28.53
    26.92
    26.59
    24.80
    23.60
    23.15
    21.64
    20.20
    18.35
    16.70
    14.77
    13.10
    11.02
    9.333
    6.983
    5.334
    4.665
    3.026
    2.102
    1.367
   0.9105
   0.5549
   0.3724
   0.2025
   0.7598E-01
   0.3393E-01
   0.1314E-01
   0.6050E-02
   0.2779E-02
   0.1285E-02
   0.6658E-03
   0.3471E-03
2.7652E-10 
