0.09
    63.19
    62.67
    62.15
    61.63
    61.12
    60.11
    59.12
    58.88
    58.63
    58.15
    57.67
    57.19
    56.72
    56.25
    55.78
    55.32
    54.87
    54.41
    53.96
    53.52
    53.08
    52.64
    52.20
    51.77
    51.35
    50.92
    50.50
    50.09
    49.67
    48.86
    48.06
    47.27
    46.50
    45.73
    43.89
    39.79
    38.79
    32.93
    27.98
    23.80
    22.69
    20.26
    17.27
    14.74
    12.58
    10.76
    9.212
    7.848
    6.778
    5.825
    5.013
    4.437
    4.321
    4.013
    3.729
    3.466
    3.223
    2.999
    2.791
    2.561
    2.420
    2.155
    2.101
    1.775
    1.592
    1.424
    1.390
    1.215
    1.104
    1.064
   0.9333
   0.8174
   0.6794
   0.5667
   0.4472
   0.3551
   0.2554
   0.1861
   0.1072
   0.6406E-01
   0.4944E-01
   0.2083E-01
   0.9444E-02
   0.3166E-02
   0.8288E-03
   0.7443E-04
   0.5990E-05
   0.2168E-06
   0.5597E-08
   0.5403E-09
   0.4011E-10
   0.3723E-11
   0.1663E-12
   0.2616E-14
   0.4289E-16
   0.8659E-18
1.0652E-10 
