0.66
    1920.
    1913.
    1905.
    1897.
    1889.
    1874.
    1859.
    1855.
    1851.
    1843.
    1836.
    1828.
    1821.
    1814.
    1806.
    1799.
    1792.
    1784.
    1777.
    1770.
    1763.
    1756.
    1748.
    1741.
    1734.
    1727.
    1720.
    1713.
    1706.
    1693.
    1679.
    1665.
    1652.
    1639.
    1606.
    1531.
    1512.
    1395.
    1288.
    1190.
    1163.
    1100.
    1017.
    941.0
    870.3
    805.6
    745.9
    688.8
    640.2
    593.4
    550.2
    517.3
    510.4
    491.6
    473.5
    456.1
    439.4
    423.4
    408.0
    390.2
    378.8
    356.6
    351.9
    322.0
    303.9
    286.2
    282.5
    262.7
    249.3
    244.3
    227.3
    211.2
    190.3
    171.6
    149.5
    130.4
    106.6
    87.40
    60.89
    42.69
    35.48
    18.63
    10.03
    4.196
    1.500
   0.3513
   0.1452
   0.5872E-01
   0.1618E-01
   0.5562E-02
   0.1398E-02
   0.3674E-03
   0.8056E-04
   0.1886E-04
   0.5848E-05
   0.1924E-05
2.3566E-09 
