2.19
    234.5
    233.4
    232.2
    231.1
    229.9
    227.6
    225.4
    224.8
    224.3
    223.2
    222.1
    221.0
    219.9
    218.8
    217.7
    216.7
    215.6
    214.5
    213.5
    212.4
    211.4
    210.4
    209.3
    208.3
    207.3
    206.3
    205.3
    204.3
    203.3
    201.3
    199.4
    197.4
    195.5
    193.7
    189.0
    178.6
    176.0
    160.1
    145.9
    133.2
    129.7
    121.7
    111.4
    102.1
    93.66
    86.06
    79.17
    72.69
    67.25
    62.08
    57.38
    53.84
    53.09
    51.09
    49.18
    47.35
    45.60
    43.93
    42.33
    40.50
    39.33
    37.05
    36.57
    33.54
    31.72
    29.96
    29.59
    27.62
    26.30
    25.80
    24.13
    22.54
    20.50
    18.68
    16.53
    14.68
    12.37
    10.49
    7.856
    6.000
    5.242
    3.379
    2.319
    1.470
   0.9445
   0.5482
   0.3581
   0.1898
   0.6837E-01
   0.2907E-01
   0.1029E-01
   0.4271E-02
   0.1763E-02
   0.7501E-03
   0.3680E-03
   0.1843E-03
2.9667E-10 
