0.25
    1268.
    1261.
    1253.
    1246.
    1239.
    1225.
    1211.
    1208.
    1204.
    1198.
    1191.
    1184.
    1177.
    1171.
    1164.
    1157.
    1151.
    1144.
    1138.
    1131.
    1125.
    1119.
    1112.
    1106.
    1100.
    1094.
    1088.
    1081.
    1075.
    1063.
    1051.
    1040.
    1028.
    1017.
    988.7
    925.4
    909.6
    814.9
    730.9
    656.4
    636.0
    590.2
    531.3
    479.0
    431.9
    390.1
    352.7
    317.9
    289.2
    262.2
    238.0
    220.0
    216.2
    206.1
    196.6
    187.5
    178.9
    170.7
    162.9
    154.1
    148.5
    137.7
    135.5
    121.4
    113.0
    105.0
    103.3
    94.53
    88.70
    86.54
    79.29
    72.53
    63.98
    56.51
    47.97
    40.80
    32.22
    25.55
    16.83
    11.21
    9.082
    4.382
    2.181
   0.8077
   0.2383
   0.3240E-01
   0.6996E-02
   0.1602E-02
   0.2807E-03
   0.7437E-04
   0.1400E-04
   0.2533E-05
   0.2486E-06
   0.1757E-07
   0.2239E-08
   0.3327E-09
1.7334E-09 
