2.67
    222.7
    221.6
    220.4
    219.3
    218.3
    216.1
    213.9
    213.4
    212.9
    211.8
    210.8
    209.7
    208.7
    207.7
    206.6
    205.6
    204.6
    203.6
    202.6
    201.6
    200.6
    199.6
    198.6
    197.7
    196.7
    195.7
    194.8
    193.8
    192.9
    191.0
    189.2
    187.3
    185.5
    183.7
    179.3
    169.3
    166.8
    151.8
    138.2
    126.1
    122.8
    115.2
    105.4
    96.58
    88.55
    81.32
    74.78
    68.62
    63.46
    58.56
    54.10
    50.73
    50.03
    48.13
    46.32
    44.58
    42.93
    41.34
    39.82
    38.09
    36.98
    34.83
    34.38
    31.51
    29.79
    28.12
    27.77
    25.91
    24.66
    24.19
    22.61
    21.11
    19.19
    17.47
    15.45
    13.71
    11.54
    9.775
    7.316
    5.587
    4.883
    3.158
    2.183
    1.403
   0.9205
   0.5494
   0.3644
   0.1959
   0.7218E-01
   0.3151E-01
   0.1171E-01
   0.5150E-02
   0.2258E-02
   0.1008E-02
   0.5107E-03
   0.2621E-03
2.8552E-10 
