0.30
    1478.
    1470.
    1462.
    1455.
    1447.
    1432.
    1417.
    1414.
    1410.
    1403.
    1395.
    1388.
    1381.
    1374.
    1367.
    1360.
    1353.
    1346.
    1339.
    1332.
    1325.
    1318.
    1311.
    1305.
    1298.
    1291.
    1285.
    1278.
    1271.
    1258.
    1245.
    1233.
    1220.
    1208.
    1177.
    1108.
    1091.
    985.9
    892.0
    807.9
    784.8
    732.4
    664.6
    603.8
    548.5
    499.0
    454.3
    412.3
    377.4
    344.3
    314.4
    291.9
    287.3
    274.7
    262.6
    251.2
    240.3
    229.9
    220.0
    208.7
    201.5
    187.6
    184.7
    166.4
    155.5
    145.0
    142.8
    131.2
    123.4
    120.6
    110.9
    101.8
    90.28
    80.13
    68.44
    58.54
    46.60
    37.22
    24.80
    16.69
    13.59
    6.661
    3.362
    1.273
   0.3893
   0.5902E-01
   0.1493E-01
   0.4048E-02
   0.8165E-03
   0.2342E-03
   0.4746E-04
   0.9229E-05
   0.1062E-05
   0.1040E-06
   0.1735E-07
   0.3241E-08
1.9355E-09 
