2.60
    529.4
    528.7
    528.0
    527.2
    526.5
    525.1
    523.7
    523.4
    523.0
    522.3
    521.6
    520.9
    520.2
    519.5
    518.8
    518.1
    517.5
    516.8
    516.1
    515.4
    514.7
    514.0
    513.3
    512.6
    512.0
    511.3
    510.6
    509.9
    509.2
    507.9
    506.5
    505.2
    503.9
    502.5
    499.2
    491.4
    489.4
    476.7
    464.4
    452.4
    449.0
    440.9
    429.7
    418.9
    408.3
    398.1
    388.3
    378.3
    369.4
    360.4
    351.6
    344.7
    343.2
    339.0
    334.9
    330.9
    326.9
    323.0
    319.2
    314.6
    311.7
    305.6
    304.3
    295.8
    290.4
    284.8
    283.7
    277.2
    272.6
    270.8
    264.7
    258.6
    250.2
    242.1
    231.9
    222.1
    208.7
    196.2
    175.5
    157.6
    149.0
    122.8
    102.1
    78.50
    56.62
    31.32
    16.20
    5.140
   0.8396
   0.2484
   0.8373E-01
   0.3564E-01
   0.1261E-01
   0.3873E-02
   0.1490E-02
   0.6346E-03
9.0857E-10 
