10.73
    170.0
    169.1
    168.3
    167.5
    166.6
    165.0
    163.4
    163.0
    162.6
    161.8
    161.0
    160.2
    159.4
    158.6
    157.8
    157.1
    156.3
    155.5
    154.8
    154.0
    153.3
    152.5
    151.8
    151.1
    150.3
    149.6
    148.9
    148.1
    147.4
    146.0
    144.6
    143.2
    141.8
    140.5
    137.2
    129.6
    127.7
    116.3
    106.0
    96.80
    94.26
    88.51
    81.04
    74.33
    68.21
    62.69
    57.69
    52.98
    49.03
    45.28
    41.86
    39.28
    38.73
    37.28
    35.88
    34.55
    33.28
    32.06
    30.89
    29.55
    28.70
    27.04
    26.69
    24.48
    23.15
    21.86
    21.59
    20.16
    19.19
    18.83
    17.61
    16.45
    14.96
    13.63
    12.07
    10.72
    9.044
    7.681
    5.784
    4.454
    3.914
    2.597
    1.856
    1.264
   0.8911
   0.5820
   0.4059
   0.2294
   0.9145E-01
   0.4376E-01
   0.1898E-01
   0.9744E-02
   0.4896E-02
   0.2365E-02
   0.1231E-02
   0.6299E-03
2.2225E-10 
