0.06
    4.340
    4.303
    4.266
    4.230
    4.194
    4.123
    4.053
    4.035
    4.018
    3.984
    3.950
    3.917
    3.883
    3.850
    3.817
    3.785
    3.753
    3.721
    3.689
    3.658
    3.627
    3.596
    3.566
    3.535
    3.505
    3.475
    3.446
    3.417
    3.388
    3.330
    3.274
    3.219
    3.165
    3.111
    2.982
    2.695
    2.625
    2.216
    1.872
    1.582
    1.506
    1.338
    1.133
   0.9600
   0.8129
   0.6895
   0.5852
   0.4939
   0.4227
   0.3597
   0.3063
   0.2687
   0.2611
   0.2412
   0.2228
   0.2059
   0.1903
   0.1760
   0.1627
   0.1482
   0.1393
   0.1227
   0.1194
   0.9917E-01
   0.8794E-01
   0.7769E-01
   0.7561E-01
   0.6509E-01
   0.5848E-01
   0.5611E-01
   0.4842E-01
   0.4169E-01
   0.3379E-01
   0.2747E-01
   0.2092E-01
   0.1601E-01
   0.1089E-01
   0.7492E-02
   0.3881E-02
   0.2090E-02
   0.1529E-02
   0.5412E-03
   0.2116E-03
   0.5950E-04
   0.1314E-04
   0.9109E-06
   0.4829E-07
   0.5102E-09
   0.2479E-11
   0.7795E-13
   0.1796E-14
   0.6020E-16
   0.1012E-17
   0.7072E-20
   0.4510E-22
   0.1907E-24
7.3200E-12 
