2.80
    498.8
    498.1
    497.4
    496.7
    496.1
    494.7
    493.4
    493.0
    492.7
    492.0
    491.3
    490.7
    490.0
    489.3
    488.7
    488.0
    487.3
    486.7
    486.0
    485.4
    484.7
    484.0
    483.4
    482.7
    482.1
    481.4
    480.8
    480.1
    479.5
    478.2
    476.9
    475.6
    474.3
    473.0
    469.8
    462.4
    460.4
    448.3
    436.5
    425.1
    421.8
    414.0
    403.3
    393.0
    382.9
    373.2
    363.7
    354.2
    345.7
    337.2
    328.8
    322.2
    320.7
    316.8
    312.9
    309.1
    305.3
    301.6
    297.9
    293.6
    290.8
    285.1
    283.8
    275.7
    270.5
    265.3
    264.2
    258.0
    253.7
    252.0
    246.2
    240.4
    232.4
    224.8
    215.1
    205.9
    193.2
    181.4
    162.0
    145.1
    137.0
    112.5
    93.24
    71.40
    51.23
    28.09
    14.41
    4.508
   0.7123
   0.2028
   0.6606E-01
   0.2761E-01
   0.9579E-02
   0.2861E-02
   0.1075E-02
   0.4503E-03
8.5247E-10 
