0.11
    162.4
    161.1
    159.8
    158.5
    157.2
    154.7
    152.2
    151.6
    150.9
    149.7
    148.5
    147.3
    146.1
    144.9
    143.8
    142.6
    141.4
    140.3
    139.2
    138.0
    136.9
    135.8
    134.7
    133.6
    132.5
    131.5
    130.4
    129.4
    128.3
    126.3
    124.2
    122.2
    120.3
    118.4
    113.7
    103.3
    100.8
    85.88
    73.27
    62.58
    59.75
    53.51
    45.82
    39.31
    33.71
    28.98
    24.94
    21.37
    18.56
    16.04
    13.89
    12.36
    12.05
    11.23
    10.47
    9.760
    9.105
    8.498
    7.935
    7.313
    6.927
    6.205
    6.058
    5.162
    4.657
    4.189
    4.093
    3.605
    3.293
    3.180
    2.810
    2.480
    2.083
    1.756
    1.406
    1.132
   0.8304
   0.6166
   0.3669
   0.2256
   0.1764
   0.7736E-01
   0.3613E-01
   0.1252E-01
   0.3389E-02
   0.3279E-03
   0.3123E-04
   0.1690E-05
   0.7350E-07
   0.9820E-08
   0.1003E-08
   0.1177E-09
   0.6573E-11
   0.1419E-12
   0.4010E-14
   0.1628E-15
2.7288E-10 
