1.20
    385.5
    383.8
    382.1
    380.5
    378.8
    375.5
    372.2
    371.4
    370.6
    369.0
    367.4
    365.8
    364.2
    362.6
    361.0
    359.4
    357.9
    356.3
    354.8
    353.2
    351.7
    350.2
    348.7
    347.2
    345.7
    344.2
    342.7
    341.2
    339.8
    336.9
    334.0
    331.1
    328.3
    325.5
    318.7
    303.0
    299.1
    275.2
    253.5
    233.8
    228.4
    215.9
    199.6
    184.9
    171.2
    158.8
    147.5
    136.6
    127.5
    118.7
    110.6
    104.4
    103.1
    99.60
    96.23
    92.99
    89.88
    86.88
    84.01
    80.69
    78.57
    74.42
    73.54
    67.93
    64.54
    61.22
    60.52
    56.78
    54.26
    53.31
    50.07
    46.99
    42.97
    39.34
    35.01
    31.22
    26.42
    22.44
    16.75
    12.64
    10.93
    6.679
    4.238
    2.313
    1.205
   0.5251
   0.2991
   0.1439
   0.4622E-01
   0.1768E-01
   0.5211E-02
   0.1721E-02
   0.5409E-03
   0.1818E-03
   0.7485E-04
   0.3227E-04
4.3608E-10 
