0.07
    13.06
    12.95
    12.84
    12.73
    12.62
    12.41
    12.20
    12.15
    12.10
    12.00
    11.90
    11.80
    11.70
    11.60
    11.50
    11.40
    11.31
    11.21
    11.12
    11.02
    10.93
    10.84
    10.75
    10.66
    10.57
    10.48
    10.39
    10.30
    10.22
    10.04
    9.877
    9.711
    9.549
    9.389
    9.002
    8.145
    7.935
    6.711
    5.680
    4.810
    4.581
    4.077
    3.458
    2.938
    2.494
    2.121
    1.806
    1.529
    1.312
    1.120
   0.9576
   0.8427
   0.8194
   0.7583
   0.7020
   0.6501
   0.6021
   0.5579
   0.5171
   0.4722
   0.4446
   0.3932
   0.3828
   0.3200
   0.2850
   0.2529
   0.2464
   0.2133
   0.1925
   0.1849
   0.1606
   0.1392
   0.1139
   0.9353E-01
   0.7224E-01
   0.5613E-01
   0.3907E-01
   0.2755E-01
   0.1496E-01
   0.8452E-02
   0.6343E-02
   0.2448E-02
   0.1033E-02
   0.3189E-03
   0.7703E-04
   0.6040E-05
   0.3798E-06
   0.7037E-08
   0.8156E-10
   0.4715E-11
   0.2063E-12
   0.1250E-13
   0.3861E-15
   0.4261E-17
   0.4253E-19
   0.3833E-21
2.2003E-11 
