7.21
    184.8
    183.9
    183.0
    182.1
    181.2
    179.4
    177.7
    177.2
    176.8
    175.9
    175.0
    174.2
    173.3
    172.5
    171.6
    170.8
    169.9
    169.1
    168.3
    167.5
    166.6
    165.8
    165.0
    164.2
    163.4
    162.6
    161.8
    161.0
    160.3
    158.7
    157.2
    155.7
    154.2
    152.7
    149.1
    140.8
    138.7
    126.3
    115.1
    105.1
    102.3
    96.03
    87.89
    80.59
    73.92
    67.92
    62.48
    57.36
    53.06
    48.98
    45.27
    42.47
    41.88
    40.30
    38.78
    37.34
    35.95
    34.63
    33.36
    31.91
    30.99
    29.19
    28.81
    26.41
    24.97
    23.58
    23.28
    21.73
    20.68
    20.29
    18.97
    17.72
    16.10
    14.66
    12.97
    11.52
    9.703
    8.231
    6.182
    4.747
    4.165
    2.745
    1.947
    1.311
   0.9132
   0.5882
   0.4071
   0.2283
   0.8990E-01
   0.4247E-01
   0.1809E-01
   0.9155E-02
   0.4571E-02
   0.2221E-02
   0.1173E-02
   0.6126E-03
2.4160E-10 
