1.40
    783.7
    782.8
    781.9
    780.9
    780.0
    778.1
    776.3
    775.8
    775.4
    774.4
    773.5
    772.6
    771.7
    770.8
    769.8
    768.9
    768.0
    767.1
    766.2
    765.3
    764.4
    763.5
    762.5
    761.6
    760.7
    759.8
    758.9
    758.0
    757.1
    755.3
    753.6
    751.8
    750.0
    748.2
    743.8
    733.5
    730.8
    713.9
    697.4
    681.5
    676.9
    666.0
    650.9
    636.4
    622.1
    608.2
    594.8
    581.2
    569.1
    556.7
    544.7
    535.1
    533.0
    527.3
    521.6
    516.1
    510.6
    505.1
    499.8
    493.5
    489.3
    480.9
    479.1
    467.1
    459.5
    451.7
    450.1
    440.9
    434.4
    431.9
    423.2
    414.5
    402.6
    391.0
    376.3
    362.2
    342.6
    324.3
    293.7
    266.7
    253.7
    213.4
    180.8
    142.7
    106.1
    61.67
    33.57
    11.69
    2.395
   0.8900
   0.3613
   0.1708
   0.6849E-01
   0.2482E-01
   0.1089E-01
   0.5059E-02
1.3771E-09 
