0.99
    716.7
    713.9
    711.0
    708.2
    705.3
    699.7
    694.1
    692.8
    691.4
    688.6
    685.9
    683.1
    680.4
    677.7
    675.0
    672.4
    669.7
    667.0
    664.4
    661.8
    659.1
    656.5
    653.9
    651.3
    648.8
    646.2
    643.7
    641.1
    638.6
    633.6
    628.6
    623.7
    618.8
    614.0
    602.1
    574.8
    567.9
    525.7
    487.1
    451.7
    441.8
    419.2
    389.3
    361.9
    336.4
    313.0
    291.5
    270.8
    253.1
    236.1
    220.3
    208.2
    205.7
    198.8
    192.1
    185.7
    179.5
    173.6
    167.9
    161.3
    157.0
    148.7
    146.9
    135.6
    128.8
    122.1
    120.7
    113.1
    108.0
    106.0
    99.44
    93.14
    84.94
    77.51
    68.66
    60.88
    51.06
    42.93
    31.37
    23.10
    19.70
    11.38
    6.768
    3.306
    1.469
   0.5019
   0.2563
   0.1169
   0.3579E-01
   0.1322E-01
   0.3692E-02
   0.1134E-02
   0.3221E-03
   0.9837E-04
   0.3753E-04
   0.1507E-04
8.2896E-10 
