2.40
    562.8
    562.0
    561.3
    560.5
    559.8
    558.3
    556.9
    556.5
    556.1
    555.4
    554.7
    554.0
    553.2
    552.5
    551.8
    551.0
    550.3
    549.6
    548.9
    548.2
    547.4
    546.7
    546.0
    545.3
    544.6
    543.9
    543.2
    542.5
    541.7
    540.3
    538.9
    537.5
    536.1
    534.7
    531.3
    523.1
    521.0
    507.7
    494.8
    482.4
    478.8
    470.3
    458.5
    447.2
    436.2
    425.5
    415.1
    404.7
    395.3
    385.8
    376.7
    369.3
    367.7
    363.4
    359.1
    354.9
    350.7
    346.6
    342.5
    337.7
    334.6
    328.3
    326.9
    317.9
    312.1
    306.3
    305.1
    298.2
    293.4
    291.5
    285.0
    278.6
    269.7
    261.2
    250.3
    240.0
    225.7
    212.5
    190.5
    171.3
    162.2
    134.1
    111.9
    86.42
    62.66
    34.96
    18.23
    5.869
   0.9924
   0.3050
   0.1063
   0.4607E-01
   0.1664E-01
   0.5253E-02
   0.2069E-02
   0.8951E-03
9.6990E-10 
