5.91
    192.0
    191.1
    190.1
    189.2
    188.2
    186.4
    184.5
    184.1
    183.6
    182.7
    181.8
    180.9
    180.0
    179.1
    178.3
    177.4
    176.5
    175.6
    174.8
    173.9
    173.1
    172.2
    171.4
    170.5
    169.7
    168.9
    168.1
    167.2
    166.4
    164.8
    163.2
    161.7
    160.1
    158.6
    154.8
    146.2
    144.1
    131.1
    119.5
    109.0
    106.2
    99.64
    91.19
    83.60
    76.67
    70.43
    64.79
    59.47
    55.00
    50.77
    46.91
    44.00
    43.39
    41.75
    40.18
    38.68
    37.24
    35.87
    34.55
    33.05
    32.09
    30.22
    29.83
    27.34
    25.85
    24.40
    24.10
    22.48
    21.40
    21.00
    19.62
    18.33
    16.66
    15.16
    13.41
    11.90
    10.02
    8.498
    6.376
    4.889
    4.286
    2.814
    1.987
    1.330
   0.9189
   0.5865
   0.4040
   0.2254
   0.8806E-01
   0.4124E-01
   0.1733E-01
   0.8667E-02
   0.4293E-02
   0.2084E-02
   0.1105E-02
   0.5815E-03
2.5071E-10 
