1.47
    279.8
    278.4
    277.1
    275.8
    274.5
    271.8
    269.3
    268.6
    268.0
    266.7
    265.4
    264.2
    262.9
    261.7
    260.5
    259.2
    258.0
    256.8
    255.6
    254.4
    253.2
    252.0
    250.8
    249.6
    248.4
    247.3
    246.1
    245.0
    243.8
    241.6
    239.3
    237.1
    234.9
    232.7
    227.4
    215.3
    212.2
    193.9
    177.3
    162.5
    158.4
    149.0
    136.9
    126.0
    116.0
    107.0
    98.78
    91.03
    84.51
    78.29
    72.62
    68.33
    67.42
    64.99
    62.67
    60.44
    58.30
    56.25
    54.29
    52.04
    50.60
    47.80
    47.21
    43.45
    41.19
    38.99
    38.53
    36.07
    34.41
    33.79
    31.67
    29.67
    27.08
    24.75
    21.99
    19.59
    16.58
    14.10
    10.59
    8.079
    7.042
    4.458
    2.967
    1.767
    1.040
   0.5356
   0.3290
   0.1658
   0.5587E-01
   0.2220E-01
   0.6955E-02
   0.2485E-02
   0.8638E-03
   0.3184E-03
   0.1409E-03
   0.6481E-04
3.3213E-10 
