3.00
    470.7
    470.0
    469.4
    468.7
    468.1
    466.8
    465.5
    465.2
    464.8
    464.2
    463.5
    462.9
    462.3
    461.6
    461.0
    460.4
    459.7
    459.1
    458.4
    457.8
    457.2
    456.5
    455.9
    455.3
    454.7
    454.0
    453.4
    452.8
    452.2
    450.9
    449.7
    448.4
    447.2
    446.0
    442.9
    435.7
    433.9
    422.2
    410.9
    400.0
    396.8
    389.4
    379.2
    369.3
    359.6
    350.3
    341.3
    332.2
    324.1
    315.9
    308.0
    301.6
    300.3
    296.5
    292.8
    289.2
    285.6
    282.0
    278.5
    274.4
    271.7
    266.3
    265.1
    257.4
    252.5
    247.5
    246.4
    240.6
    236.4
    234.9
    229.3
    223.8
    216.3
    209.1
    199.9
    191.2
    179.1
    168.0
    149.7
    133.8
    126.3
    103.3
    85.31
    65.02
    46.40
    25.23
    12.83
    3.959
   0.6058
   0.1660
   0.5221E-01
   0.2143E-01
   0.7288E-02
   0.2117E-02
   0.7764E-03
   0.3198E-03
8.0110E-10 
