0.45
    2012.
    2003.
    1994.
    1985.
    1976.
    1958.
    1941.
    1937.
    1932.
    1924.
    1915.
    1906.
    1898.
    1889.
    1881.
    1873.
    1864.
    1856.
    1848.
    1839.
    1831.
    1823.
    1815.
    1807.
    1799.
    1791.
    1783.
    1775.
    1767.
    1751.
    1736.
    1720.
    1705.
    1690.
    1653.
    1568.
    1547.
    1417.
    1298.
    1190.
    1160.
    1092.
    1002.
    920.1
    844.8
    776.4
    713.8
    654.3
    604.1
    556.1
    512.1
    478.8
    471.8
    452.9
    434.8
    417.5
    400.9
    385.0
    369.8
    352.3
    341.2
    319.5
    314.9
    285.9
    268.5
    251.7
    248.1
    229.3
    216.7
    212.0
    196.1
    181.0
    161.7
    144.6
    124.6
    107.5
    86.57
    69.87
    47.36
    32.35
    26.52
    13.29
    6.851
    2.685
   0.8767
   0.1673
   0.5685E-01
   0.1972E-01
   0.4790E-02
   0.1525E-02
   0.3450E-03
   0.7695E-04
   0.1208E-04
   0.1901E-05
   0.4426E-06
   0.1106E-06
2.4913E-09 
