0.20
    960.2
    954.0
    947.9
    941.8
    935.7
    923.8
    912.0
    909.1
    906.2
    900.4
    894.6
    888.9
    883.2
    877.6
    872.0
    866.4
    860.9
    855.4
    850.0
    844.6
    839.2
    833.9
    828.6
    823.3
    818.1
    812.9
    807.8
    802.7
    797.6
    787.6
    777.7
    767.9
    758.3
    748.8
    725.6
    673.5
    660.6
    583.8
    516.7
    457.9
    442.1
    406.5
    361.4
    322.0
    286.9
    256.2
    229.0
    204.2
    183.9
    165.0
    148.3
    136.1
    133.5
    126.7
    120.3
    114.2
    108.5
    103.1
    98.01
    92.25
    88.61
    81.65
    80.21
    71.19
    65.91
    60.89
    59.84
    54.39
    50.80
    49.47
    45.04
    40.95
    35.83
    31.40
    26.39
    22.24
    17.35
    13.61
    8.803
    5.777
    4.648
    2.194
    1.072
   0.3862
   0.1092
   0.1305E-01
   0.2278E-02
   0.3947E-03
   0.5387E-04
   0.1238E-04
   0.2047E-05
   0.3361E-06
   0.2790E-07
   0.1338E-08
   0.1154E-09
   0.1256E-10
1.3990E-09 
