1.00
1.000000E-03	    905.9
2.000000E-03	    904.8
3.000000E-03	    903.8
4.000000E-03	    902.7
5.000000E-03	    901.7
7.000000E-03	    899.7
9.000000E-03	    897.6
9.500000E-03	    897.1
1.000000E-02	    896.6
1.100000E-02	    895.5
1.200000E-02	    894.5
1.300000E-02	    893.5
1.400000E-02	    892.5
1.500000E-02	    891.5
1.600000E-02	    890.4
1.700000E-02	    889.4
1.800000E-02	    888.4
1.900000E-02	    887.4
2.000000E-02	    886.4
2.100000E-02	    885.4
2.200000E-02	    884.4
2.300000E-02	    883.4
2.400000E-02	    882.3
2.500000E-02	    881.3
2.600000E-02	    880.3
2.700000E-02	    879.3
2.800000E-02	    878.3
2.900000E-02	    877.3
3.000000E-02	    876.3
3.200000E-02	    874.3
3.400000E-02	    872.4
3.600000E-02	    870.4
3.800000E-02	    868.4
4.000000E-02	    866.4
4.500000E-02	    861.5
5.690000E-02	    850.0
6.000000E-02	    847.1
8.000000E-02	    828.2
0.100000    	    810.0
0.120000    	    792.2
0.125900    	    787.0
0.140000    	    774.9
0.160000    	    758.1
0.179900    	    741.8
0.200000    	    725.8
0.220000    	    710.3
0.240000    	    695.3
0.260800    	    680.1
0.280000    	    666.4
0.300000    	    652.5
0.320000    	    639.0
0.336400    	    628.2
0.340000    	    625.8
0.350000    	    619.4
0.360000    	    613.0
0.370000    	    606.7
0.380000    	    600.5
0.390000    	    594.4
0.400000    	    588.4
0.412000    	    581.2
0.420000    	    576.5
0.436400    	    567.0
0.440000    	    565.0
0.464200    	    551.4
0.480000    	    542.8
0.496400    	    534.0
0.500000    	    532.1
0.520000    	    521.7
0.534400    	    514.3
0.540000    	    511.5
0.560000    	    501.6
0.580500    	    491.7
0.609600    	    478.1
0.638700    	    464.9
0.677600    	    448.0
0.716500    	    431.9
0.774100    	    409.4
0.831700    	    388.4
0.937800    	    353.1
 1.04390    	    321.9
 1.10000    	    306.7
 1.30000    	    259.6
 1.50000    	    221.3
 1.80000    	    176.1
 2.20000    	    132.2
 3.00000    	    78.12
 4.00000    	    43.29
 6.00000    	    15.63
 10.0000    	    3.486
 14.0000    	    1.393
 20.0000    	   0.5975
 27.0000    	   0.2922
 38.0000    	   0.1224
 55.0000    	   0.4680E-01
 75.0000    	   0.2136E-01
 100.000    	   0.1017E-01
1.6022E-09 
