0.37
    1734.
    1726.
    1717.
    1709.
    1701.
    1685.
    1669.
    1665.
    1661.
    1653.
    1645.
    1637.
    1629.
    1622.
    1614.
    1606.
    1599.
    1591.
    1584.
    1576.
    1569.
    1561.
    1554.
    1546.
    1539.
    1532.
    1525.
    1517.
    1510.
    1496.
    1482.
    1468.
    1454.
    1441.
    1407.
    1331.
    1312.
    1195.
    1089.
    993.9
    967.5
    907.4
    828.9
    758.1
    693.1
    634.3
    580.9
    530.4
    488.0
    447.6
    410.8
    383.0
    377.2
    361.5
    346.5
    332.2
    318.5
    305.4
    292.9
    278.6
    269.4
    251.7
    248.0
    224.4
    210.4
    196.7
    193.9
    178.7
    168.6
    164.9
    152.1
    140.1
    124.8
    111.3
    95.54
    82.14
    65.83
    52.91
    35.61
    24.18
    19.77
    9.821
    5.020
    1.939
   0.6152
   0.1054
   0.3137E-01
   0.9835E-02
   0.2218E-02
   0.6769E-03
   0.1461E-03
   0.3059E-04
   0.4178E-05
   0.5438E-06
   0.1117E-06
   0.2500E-07
2.1899E-09 
