2.20
    599.3
    598.5
    597.7
    596.9
    596.2
    594.6
    593.1
    592.7
    592.3
    591.6
    590.8
    590.0
    589.3
    588.5
    587.8
    587.0
    586.3
    585.5
    584.7
    584.0
    583.2
    582.5
    581.7
    581.0
    580.3
    579.5
    578.8
    578.0
    577.3
    575.8
    574.3
    572.9
    571.4
    569.9
    566.3
    557.8
    555.6
    541.7
    528.2
    515.1
    511.3
    502.4
    490.2
    478.3
    466.7
    455.5
    444.6
    433.6
    423.7
    413.8
    404.1
    396.4
    394.7
    390.1
    385.6
    381.2
    376.8
    372.4
    368.2
    363.1
    359.8
    353.1
    351.7
    342.2
    336.1
    330.0
    328.7
    321.4
    316.3
    314.3
    307.5
    300.6
    291.2
    282.2
    270.7
    259.8
    244.6
    230.5
    207.1
    186.6
    176.8
    146.7
    122.8
    95.28
    69.44
    39.06
    20.54
    6.713
    1.176
   0.3757
   0.1353
   0.5966E-01
   0.2199E-01
   0.7138E-02
   0.2876E-02
   0.1264E-02
1.0370E-09 
