1.79
    252.3
    251.1
    249.9
    248.6
    247.4
    245.0
    242.6
    242.0
    241.4
    240.2
    239.1
    237.9
    236.7
    235.6
    234.4
    233.3
    232.2
    231.0
    229.9
    228.8
    227.7
    226.6
    225.5
    224.4
    223.3
    222.2
    221.2
    220.1
    219.0
    216.9
    214.9
    212.8
    210.8
    208.8
    203.9
    192.7
    189.9
    173.0
    157.8
    144.2
    140.4
    131.9
    120.8
    110.9
    101.8
    93.68
    86.27
    79.29
    73.44
    67.87
    62.80
    58.97
    58.17
    56.01
    53.94
    51.96
    50.07
    48.26
    46.52
    44.54
    43.27
    40.80
    40.28
    36.99
    35.01
    33.09
    32.68
    30.54
    29.09
    28.56
    26.73
    24.99
    22.76
    20.76
    18.40
    16.36
    13.81
    11.72
    8.792
    6.714
    5.863
    3.756
    2.549
    1.579
   0.9827
   0.5460
   0.3484
   0.1810
   0.6330E-01
   0.2607E-01
   0.8695E-02
   0.3360E-02
   0.1281E-02
   0.5105E-03
   0.2394E-03
   0.1157E-03
3.1201E-10 
