3.97
    206.3
    205.3
    204.3
    203.3
    202.3
    200.2
    198.3
    197.8
    197.3
    196.3
    195.3
    194.4
    193.4
    192.4
    191.5
    190.6
    189.6
    188.7
    187.8
    186.8
    185.9
    185.0
    184.1
    183.2
    182.3
    181.4
    180.5
    179.6
    178.8
    177.0
    175.3
    173.6
    171.9
    170.3
    166.2
    156.9
    154.6
    140.7
    128.1
    116.9
    113.8
    106.8
    97.71
    89.54
    82.10
    75.39
    69.33
    63.61
    58.82
    54.28
    50.14
    47.02
    46.36
    44.60
    42.92
    41.31
    39.77
    38.30
    36.89
    35.28
    34.25
    32.25
    31.83
    29.17
    27.57
    26.02
    25.70
    23.97
    22.81
    22.38
    20.91
    19.53
    17.74
    16.15
    14.27
    12.66
    10.65
    9.022
    6.754
    5.164
    4.519
    2.942
    2.055
    1.350
   0.9118
   0.5657
   0.3835
   0.2106
   0.8031E-01
   0.3656E-01
   0.1466E-01
   0.6997E-02
   0.3329E-02
   0.1578E-02
   0.8297E-03
   0.4363E-03
2.6810E-10 
