4.84
    199.4
    198.4
    197.4
    196.4
    195.5
    193.5
    191.6
    191.1
    190.7
    189.7
    188.8
    187.8
    186.9
    186.0
    185.1
    184.2
    183.3
    182.4
    181.5
    180.6
    179.7
    178.8
    177.9
    177.1
    176.2
    175.3
    174.5
    173.6
    172.8
    171.1
    169.4
    167.8
    166.2
    164.6
    160.7
    151.7
    149.5
    136.0
    123.9
    113.1
    110.1
    103.3
    94.55
    86.67
    79.47
    73.00
    67.13
    61.61
    56.98
    52.58
    48.58
    45.56
    44.93
    43.22
    41.59
    40.04
    38.55
    37.12
    35.76
    34.20
    33.21
    31.27
    30.86
    28.29
    26.74
    25.24
    24.92
    23.25
    22.13
    21.71
    20.29
    18.94
    17.21
    15.67
    13.85
    12.29
    10.34
    8.765
    6.568
    5.029
    4.404
    2.879
    2.023
    1.341
   0.9169
   0.5776
   0.3950
   0.2188
   0.8452E-01
   0.3909E-01
   0.1610E-01
   0.7896E-02
   0.3850E-02
   0.1855E-02
   0.9823E-03
   0.5181E-03
2.5986E-10 
