0.14
    403.2
    400.1
    397.0
    394.0
    391.0
    385.0
    379.1
    377.7
    376.2
    373.3
    370.5
    367.6
    364.8
    362.0
    359.2
    356.5
    353.8
    351.1
    348.4
    345.7
    343.1
    340.5
    337.9
    335.3
    332.8
    330.2
    327.7
    325.2
    322.8
    317.9
    313.1
    308.3
    303.7
    299.1
    288.0
    263.2
    257.1
    221.3
    190.8
    164.7
    157.7
    142.4
    123.3
    107.0
    92.86
    80.78
    70.39
    61.11
    53.71
    47.04
    41.26
    37.11
    36.26
    34.01
    31.92
    29.96
    28.14
    26.44
    24.85
    23.09
    21.99
    19.91
    19.48
    16.87
    15.38
    13.98
    13.70
    12.22
    11.26
    10.91
    9.766
    8.728
    7.461
    6.398
    5.234
    4.303
    3.247
    2.474
    1.533
   0.9738
   0.7726
   0.3522
   0.1686
   0.5977E-01
   0.1654E-01
   0.1740E-02
   0.2130E-03
   0.1973E-04
   0.1533E-05
   0.2696E-06
   0.3504E-07
   0.4872E-08
   0.3275E-09
   0.1003E-10
   0.4958E-12
   0.3469E-13
6.5758E-10 
