0.16
    598.5
    594.2
    589.9
    585.6
    581.4
    573.1
    564.8
    562.8
    560.8
    556.7
    552.7
    548.7
    544.8
    540.9
    537.0
    533.1
    529.3
    525.5
    521.8
    518.0
    514.3
    510.6
    507.0
    503.4
    499.8
    496.2
    492.7
    489.2
    485.7
    478.8
    472.0
    465.3
    458.7
    452.2
    436.5
    401.2
    392.6
    341.3
    297.2
    259.2
    249.1
    226.5
    198.2
    173.8
    152.5
    134.1
    118.1
    103.7
    92.07
    81.50
    72.25
    65.54
    64.16
    60.49
    57.06
    53.84
    50.83
    48.00
    45.34
    42.37
    40.51
    36.98
    36.25
    31.75
    29.15
    26.70
    26.19
    23.57
    21.86
    21.24
    19.16
    17.26
    14.92
    12.93
    10.72
    8.915
    6.836
    5.282
    3.341
    2.155
    1.720
   0.7956
   0.3832
   0.1359
   0.3753E-01
   0.4058E-02
   0.5638E-03
   0.6663E-04
   0.6346E-05
   0.1203E-05
   0.1656E-06
   0.2387E-07
   0.1664E-08
   0.5382E-10
   0.2816E-11
   0.2034E-12
9.3716E-10 
