1.60
    731.0
    730.1
    729.2
    728.3
    727.4
    725.6
    723.9
    723.4
    723.0
    722.1
    721.2
    720.4
    719.5
    718.6
    717.7
    716.9
    716.0
    715.1
    714.3
    713.4
    712.5
    711.7
    710.8
    709.9
    709.1
    708.2
    707.4
    706.5
    705.7
    703.9
    702.2
    700.6
    698.9
    697.2
    693.0
    683.1
    680.6
    664.5
    648.9
    633.8
    629.4
    619.1
    604.8
    591.0
    577.4
    564.3
    551.6
    538.8
    527.3
    515.6
    504.2
    495.1
    493.2
    487.8
    482.4
    477.2
    472.0
    466.9
    461.8
    455.9
    452.0
    444.0
    442.3
    431.0
    423.9
    416.6
    415.0
    406.4
    400.3
    397.9
    389.8
    381.6
    370.3
    359.5
    345.7
    332.5
    314.1
    297.0
    268.5
    243.4
    231.3
    193.9
    163.7
    128.7
    95.21
    54.91
    29.63
    10.15
    1.995
   0.7143
   0.2818
   0.1309
   0.5140E-01
   0.1812E-01
   0.7792E-02
   0.3572E-02
1.2798E-09 
