1.80
    682.9
    682.1
    681.2
    680.4
    679.6
    677.9
    676.2
    675.8
    675.3
    674.5
    673.7
    672.8
    672.0
    671.2
    670.3
    669.5
    668.7
    667.9
    667.0
    666.2
    665.4
    664.6
    663.7
    662.9
    662.1
    661.3
    660.5
    659.6
    658.8
    657.2
    655.6
    654.0
    652.4
    650.8
    646.8
    637.4
    635.0
    619.7
    604.8
    590.4
    586.3
    576.5
    562.9
    549.8
    536.9
    524.5
    512.5
    500.3
    489.4
    478.3
    467.6
    459.0
    457.1
    452.0
    447.0
    442.0
    437.1
    432.3
    427.5
    421.9
    418.2
    410.7
    409.1
    398.4
    391.7
    384.8
    383.3
    375.2
    369.4
    367.2
    359.5
    351.8
    341.3
    331.1
    318.1
    305.7
    288.5
    272.5
    245.9
    222.4
    211.1
    176.4
    148.5
    116.3
    85.59
    48.96
    26.19
    8.827
    1.668
   0.5750
   0.2202
   0.1006
   0.3865E-01
   0.1326E-01
   0.5582E-02
   0.2524E-02
1.1912E-09 
