READ SERR 1 2
@aciss_po0.pco
!
0.11680 0.11680 8.5616E-04 1.9144E-04 85.532
0.2409000 0.0073000 0.0260274 0.0042222 2088.3
0.2555000 0.0073000 0.0335616 0.0047945 3108.8
0.2701000 0.0073000 0.0431507 0.0054365 3272.5
0.2847000 0.0073000 0.0321918 0.0046957 2556.7
0.2993000 0.0073000 0.0212329 0.0038135 1688.5
0.3139000 0.0073000 0.0226027 0.0039346 1206.1
0.3285000 0.0073000 0.0239726 0.0040521 1081.3
0.3431000 0.0073000 0.0212329 0.0038135 1095.2
0.3577000 0.0073000 0.0184931 0.0035590 1126.3
0.3723000 0.0073000 0.0205479 0.0037515 1147.3
0.3869000 0.0073000 0.0308220 0.0045947 1161.8
0.4015000 0.0073000 0.0335616 0.0047945 1176.0
0.4161000 0.0073000 0.0253425 0.0041663 1190.4
0.4307000 0.0073000 0.0267123 0.0042774 1201.2
0.4453000 0.0073000 0.0212329 0.0038135 1205.0
0.4599000 0.0073000 0.0219178 0.0038746 1200.8
0.4745000 0.0073000 0.0308219 0.0045947 1186.0
0.4891000 0.0073000 0.0253425 0.0041663 1155.6
0.5037000 0.0073000 0.0226027 0.0039346 1109.2
0.5183001 0.0073000 0.0212329 0.0038135 1055.6
0.5329000 0.0073000 0.0280822 0.0043857 1008.9
0.5475000 0.0073000 0.0383561 0.0051255 978.13
0.5621001 0.0073000 0.0390412 0.0051711 962.83
0.5767000 0.0073000 0.0315069 0.0046454 956.37
0.5913000 0.0073000 0.0404109 0.0052610 952.28
0.6059000 0.0073000 0.0349316 0.0048914 947.34
0.6205000 0.0073000 0.0541097 0.0060878 940.85
0.6351000 0.0073000 0.0499999 0.0058520 933.05
0.6497000 0.0073000 0.0506850 0.0058920 924.09
0.6643000 0.0073000 0.0493149 0.0058118 913.83
0.6789000 0.0073000 0.0417809 0.0053495 902.01
0.6935000 0.0073000 0.0431507 0.0054365 888.25
0.7081000 0.0073000 0.0643834 0.0066406 872.57
0.7227000 0.0073000 0.0479453 0.0057306 855.96
0.7373000 0.0073000 0.0431507 0.0054365 840.38
0.7519000 0.0073000 0.0465752 0.0056481 827.44
0.7665000 0.0073000 0.0438357 0.0054795 816.89
0.7811000 0.0073000 0.0506850 0.0058920 807.02
0.7957000 0.0073000 0.0554793 0.0061644 796.40
0.8103000 0.0073000 0.0458905 0.0056064 784.85
0.8249000 0.0073000 0.0561645 0.0062023 772.91
0.8395000 0.0073000 0.0410958 0.0053054 761.11
0.8541000 0.0073000 0.0287672 0.0044389 749.63
0.8687000 0.0073000 0.0273972 0.0043319 738.46
0.8833001 0.0073000 0.0212329 0.0038135 727.77
0.8979000 0.0073000 0.0212329 0.0038135 717.79
0.9125000 0.0073000 0.0184931 0.0035590 708.57
0.9271001 0.0073000 0.0198630 0.0036885 699.67
0.9417000 0.0073000 0.0109589 0.0027397 690.32
0.9563000 0.0073000 0.0136986 0.0030631 679.84
0.9709001 0.0073000 0.0109589 0.0027397 667.96
0.9855000 0.0073000 0.0089041 0.0024696 655.02
1.000100 0.0073000 0.0082192 0.0023727 642.10
1.014700 0.0073000 0.0102739 0.0026527 630.59
1.029300 0.0073000 0.0095891 0.0025628 621.25
1.043900 0.0073000 0.0095890 0.0025628 613.48
1.065800 0.014600 0.0047945 0.0012814 601.91
1.102300 0.021900 3.42466E-03 8.8424E-04 579.49
1.138800 0.014600 0.0037671 0.0011358 555.96
1.175300 0.021900 2.51142E-03 7.5722E-04 533.20
1.219100 0.021900 2.73973E-03 7.9089E-04 506.41
1.284800 0.043800 1.14155E-03 3.6099E-04 464.66
1.379700 0.051100 9.7847E-04 3.0942E-04 420.59
1.474600 0.043800 1.14155E-03 3.6099E-04 376.60
1.67900 0.16060 3.11332E-04 9.8452E-05 274.74
1.846900 0.0073000 6.8494E-04 6.8494E-04 213.83
1.861500 0.0073000      0 6.8493E-04 208.40
1.876100 0.0073000      0 6.8493E-04 206.90
1.890700 0.0073000      0 6.8494E-04 207.59
1.905300 0.0073000      0 6.8493E-04 208.37
1.919900 0.0073000      0 6.8493E-04 207.86
1.934500 0.0073000      0 6.8494E-04 205.61
1.949100 0.0073000      0 6.8493E-04 201.74
1.963700 0.0073000      0 6.8493E-04 196.50
1.978300 0.0073000      0 6.8494E-04 189.96
1.992900 0.0073000      0 6.8493E-04 181.91
2.007500 0.0073000      0 6.8493E-04 172.03
2.022100 0.0073000      0 6.8493E-04 160.24
2.036700 0.0073000      0 6.8493E-04 146.99
2.051300 0.0072999      0 6.8494E-04 133.29
2.065900 0.0073000      0 6.8493E-04 120.40
2.080500 0.0073000      0 6.8493E-04 109.32
2.095100 0.0073000      0 6.8493E-04 100.49
2.109700 0.0073000      0 6.8493E-04 93.836
2.124300 0.0073000      0 6.8493E-04 89.077
2.138900 0.0072999      0 6.8494E-04 85.951
2.153500 0.0073000      0 6.8493E-04 84.256
2.168100 0.0073000      0 6.8493E-04 83.757
2.182700 0.0073000      0 6.8493E-04 84.110
2.197300 0.0073000      0 6.8493E-04 84.913
2.211900 0.0073000      0 6.8493E-04 85.817
2.226500 0.0072999      0 6.8494E-04 86.607
2.241100 0.0073000      0 6.8493E-04 87.196
2.255700 0.0073000      0 6.8493E-04 87.589
2.270300 0.0073000      0 6.8493E-04 87.813
2.284900 0.0073000      0 6.8493E-04 87.893
2.299500 0.0073000      0 6.8493E-04 87.849
2.314100 0.0073000      0 6.8493E-04 87.702
2.328700 0.0072999 6.8494E-04 6.8494E-04 87.459
2.343300 0.0073000      0 6.8493E-04 87.111
2.357900 0.0073000      0 6.8493E-04 86.646
2.372500 0.0073000      0 6.8493E-04 86.059
2.387100 0.0073000      0 6.8493E-04 85.378
2.401700 0.0073000      0 6.8493E-04 84.646
2.416300 0.0072999      0 6.8494E-04 83.905
2.430900 0.0073000      0 6.8493E-04 83.148
2.445500 0.0073000      0 6.8493E-04 82.326
2.460100 0.0073000      0 6.8493E-04 81.358
2.474700 0.0073000      0 6.8493E-04 80.176
2.489300 0.0073000      0 6.8493E-04 78.775
2.503900 0.0072999      0 6.8494E-04 77.236
2.518500 0.0073000      0 6.8493E-04 75.712
2.533100 0.0073000      0 6.8493E-04 74.387
2.547700 0.0073000      0 6.8493E-04 73.396
2.562300 0.0073000      0 6.8493E-04 72.776
2.576900 0.0073000      0 6.8493E-04 72.462
2.591500 0.0072999      0 6.8494E-04 72.329
2.606100 0.0073000      0 6.8493E-04 72.242
2.620700 0.0073000      0 6.8493E-04 72.110
2.635300 0.0073000      0 6.8493E-04 71.882
2.649900 0.0073000      0 6.8493E-04 71.550
2.664500 0.0073000      0 6.8493E-04 71.140
2.679100 0.0073000      0 6.8493E-04 70.703
2.693700 0.0072999      0 6.8494E-04 70.299
2.708300 0.0073000      0 6.8493E-04 69.972
2.722900 0.0073000      0 6.8493E-04 69.734
2.737500 0.0073000      0 6.8493E-04 69.555
2.752100 0.0073000      0 6.8493E-04 69.384
2.766700 0.0073000      0 6.8493E-04 69.171
2.781300 0.0072999      0 6.8494E-04 68.883
2.795900 0.0073000      0 6.8493E-04 68.504
2.810500 0.0073000      0 6.8493E-04 68.035
2.825100 0.0073000      0 6.8493E-04 67.476
2.839700 0.0073000      0 6.8493E-04 66.838
2.854300 0.0073000      0 6.8493E-04 66.142
2.868900 0.0072999      0 6.8494E-04 65.425
2.883500 0.0073000      0 6.8493E-04 64.730
2.898100 0.0073000      0 6.8493E-04 64.095
2.912700 0.0073000      0 6.8493E-04 63.536
2.927300 0.0073000      0 6.8493E-04 63.047
2.941900 0.0073000      0 6.8493E-04 62.611
2.956500 0.0072999      0 6.8494E-04 62.223
2.971100 0.0073000      0 6.8493E-04 61.884
2.985700 0.0073000      0 6.8493E-04 61.602
3.000300 0.0073000      0 6.8493E-04 61.365
3.014900 0.0073000      0 6.8493E-04 61.146
3.029500 0.0073000      0 6.8493E-04 60.910
3.044100 0.0073000      0 6.8493E-04 60.630
3.058700 0.0072999      0 6.8494E-04 60.296
3.073300 0.0073000      0 6.8493E-04 59.905
3.087900 0.0073000      0 6.8493E-04 59.464
3.102500 0.0073000      0 6.8493E-04 58.975
3.117100 0.0073000      0 6.8493E-04 58.442
3.131700 0.0073000      0 6.8493E-04 57.873
3.146300 0.0072999      0 6.8494E-04 57.286
3.160900 0.0073000      0 6.8493E-04 56.698
3.175500 0.0073000      0 6.8493E-04 56.130
3.190100 0.0073000      0 6.8493E-04 55.592
3.204700 0.0073000      0 6.8493E-04 55.083
3.219300 0.0073000      0 6.8493E-04 54.601
3.233900 0.0072999      0 6.8494E-04 54.152
3.248500 0.0073000      0 6.8493E-04 53.745
3.263100 0.0073000      0 6.8493E-04 53.398
3.277700 0.0073000      0 6.8493E-04 53.115
3.292300 0.0073000      0 6.8493E-04 52.887
3.306900 0.0073000      0 6.8493E-04 52.689
3.321500 0.0072999      0 6.8494E-04 52.494
3.336100 0.0073000      0 6.8493E-04 52.281
3.350700 0.0073000      0 6.8493E-04 52.044
3.365300 0.0073000      0 6.8493E-04 51.780
3.379900 0.0073000      0 6.8493E-04 51.495
3.394500 0.0073000      0 6.8493E-04 51.192
3.409100 0.0073000      0 6.8493E-04 50.874
3.423700 0.0072999      0 6.8494E-04 50.546
3.438300 0.0073000      0 6.8493E-04 50.208
3.452900 0.0073000      0 6.8493E-04 49.862
3.467500 0.0073000      0 6.8493E-04 49.505
3.482100 0.0073000      0 6.8493E-04 49.134
3.496700 0.0073000      0 6.8493E-04 48.748
3.511300 0.0072999      0 6.8494E-04 48.356
3.525900 0.0073000      0 6.8493E-04 47.974
3.540500 0.0073000      0 6.8493E-04 47.626
3.555100 0.0073000      0 6.8493E-04 47.324
3.569700 0.0073000      0 6.8493E-04 47.071
3.584300 0.0073000      0 6.8493E-04 46.850
3.598900 0.0072999      0 6.8494E-04 46.639
3.613500 0.0073000      0 6.8493E-04 46.415
3.628100 0.0073000      0 6.8493E-04 46.170
3.642700 0.0073000      0 6.8493E-04 45.903
3.657300 0.0073000      0 6.8493E-04 45.622
3.671900 0.0073000      0 6.8493E-04 45.335
3.686500 0.0072999      0 6.8494E-04 45.049
3.701100 0.0073000      0 6.8493E-04 44.767
3.715700 0.0073000      0 6.8493E-04 44.489
3.730300 0.0073000      0 6.8493E-04 44.208
3.744900 0.0073000      0 6.8493E-04 43.916
3.759500 0.0073000      0 6.8493E-04 43.604
3.774100 0.0073000      0 6.8493E-04 43.269
3.788700 0.0072999      0 6.8494E-04 42.919
3.803300 0.0073000      0 6.8493E-04 42.569
3.817900 0.0073000      0 6.8493E-04 42.244
3.832500 0.0073000      0 6.8493E-04 41.956
3.847100 0.0073000      0 6.8493E-04 41.709
3.861700 0.0073000      0 6.8493E-04 41.491
3.876300 0.0072999      0 6.8494E-04 41.283
3.890900 0.0073000      0 6.8493E-04 41.067
3.905500 0.0073000      0 6.8493E-04 40.837
3.920100 0.0073000      0 6.8493E-04 40.590
3.934700 0.0073000      0 6.8493E-04 40.330
3.949300 0.0073000      0 6.8493E-04 40.062
3.963900 0.0072999      0 6.8494E-04 39.792
3.978500 0.0073000      0 6.8493E-04 39.518
3.993100 0.0073000      0 6.8493E-04 39.243
4.007700 0.0072999      0 6.8494E-04 38.963
4.022300 0.0073001      0 6.8492E-04 38.670
4.036900 0.0072999      0 6.8494E-04 38.365
4.051500 0.0073001      0 6.8492E-04 38.042
4.066100 0.0072999      0 6.8494E-04 37.709
4.080700 0.0073001      0 6.8492E-04 37.375
4.095300 0.0072999      0 6.8494E-04 37.061
4.109900 0.0072999      0 6.8494E-04 36.776
4.124500 0.0073001      0 6.8492E-04 36.525
4.139100 0.0072999      0 6.8494E-04 36.305
4.153700 0.0073001      0 6.8492E-04 36.097
4.168300 0.0072999      0 6.8494E-04 35.890
4.182900 0.0073001      0 6.8492E-04 35.670
4.197500 0.0072999      0 6.8494E-04 35.438
4.212100 0.0072999      0 6.8494E-04 35.192
4.226700 0.0073001      0 6.8492E-04 34.933
4.241300 0.0072999      0 6.8494E-04 34.671
4.255900 0.0073001      0 6.8492E-04 34.402
4.270500 0.0072999      0 6.8494E-04 34.132
4.285100 0.0072999      0 6.8494E-04 33.857
4.299700 0.0073001      0 6.8492E-04 33.576
4.314300 0.0072999      0 6.8494E-04 33.288
4.328900 0.0073001      0 6.8492E-04 32.987
4.343500 0.0072999      0 6.8494E-04 32.679
4.358100 0.0073001      0 6.8492E-04 32.368
4.372700 0.0072999      0 6.8494E-04 32.068
4.387300 0.0072999      0 6.8494E-04 31.788
4.401900 0.0073001      0 6.8492E-04 31.535
4.416500 0.0072999      0 6.8494E-04 31.310
4.431100 0.0073001      0 6.8492E-04 31.101
4.445700 0.0072999      0 6.8494E-04 30.900
4.460300 0.0072999      0 6.8494E-04 30.694
4.474900 0.0073001      0 6.8492E-04 30.476
4.489500 0.0072999      0 6.8494E-04 30.249
4.504100 0.0073001      0 6.8492E-04 30.011
4.518700 0.0072999      0 6.8494E-04 29.767
4.533300 0.0073001      0 6.8492E-04 29.516
4.547900 0.0072999      0 6.8494E-04 29.261
4.562500 0.0072999      0 6.8494E-04 28.998
4.577100 0.0073001      0 6.8492E-04 28.726
4.591700 0.0072999      0 6.8494E-04 28.445
4.606300 0.0073001      0 6.8492E-04 28.152
4.620900 0.0072999      0 6.8494E-04 27.854
4.635500 0.0073001      0 6.8492E-04 27.555
4.650100 0.0072999      0 6.8494E-04 27.270
4.664700 0.0072999      0 6.8494E-04 27.005
4.679300 0.0073001      0 6.8492E-04 26.765
4.693900 0.0072999      0 6.8494E-04 26.550
4.708500 0.0073001      0 6.8492E-04 26.350
4.723100 0.0072999      0 6.8494E-04 26.156
4.737700 0.0072999      0 6.8494E-04 25.959
4.752300 0.0073001      0 6.8492E-04 25.753
4.766900 0.0072999      0 6.8494E-04 25.539
4.781500 0.0073001      0 6.8492E-04 25.315
4.796100 0.0072999      0 6.8494E-04 25.086
4.810700 0.0073001      0 6.8492E-04 24.851
4.825300 0.0072999      0 6.8494E-04 24.613
4.839900 0.0072999      0 6.8494E-04 24.370
4.854500 0.0073001      0 6.8492E-04 24.119
4.869100 0.0072999      0 6.8494E-04 23.863
4.883700 0.0073001      0 6.8492E-04 23.598
4.898300 0.0072999      0 6.8494E-04 23.330
4.912900 0.0073001      0 6.8492E-04 23.059
4.927500 0.0072999      0 6.8494E-04 22.798
4.942100 0.0072999      0 6.8494E-04 22.551
4.956700 0.0073001      0 6.8492E-04 22.324
4.971300 0.0072999      0 6.8494E-04 22.118
4.985900 0.0073001      0 6.8492E-04 21.927
5.000500 0.0072999      0 6.8494E-04 21.746
5.015100 0.0072999      0 6.8494E-04 21.565
5.029700 0.0073001      0 6.8492E-04 21.381
5.044300 0.0072999      0 6.8494E-04 21.192
5.058900 0.0073001      0 6.8492E-04 20.996
5.073500 0.0072999      0 6.8494E-04 20.794
5.088100 0.0073001      0 6.8492E-04 20.585
5.102700 0.0072999      0 6.8494E-04 20.371
5.117300 0.0072999      0 6.8494E-04 20.148
5.131900 0.0073001      0 6.8492E-04 19.918
5.146500 0.0072999      0 6.8494E-04 19.682
5.161100 0.0073001      0 6.8492E-04 19.438
5.175700 0.0072999      0 6.8494E-04 19.191
5.190300 0.0072999      0 6.8494E-04 18.945
5.204900 0.0073001      0 6.8492E-04 18.704
5.219500 0.0072999      0 6.8494E-04 18.476
5.234100 0.0073001      0 6.8492E-04 18.263
5.248700 0.0072999      0 6.8494E-04 18.067
5.263300 0.0073001      0 6.8492E-04 17.879
5.277900 0.0072999      0 6.8494E-04 17.697
5.292500 0.0072999      0 6.8494E-04 17.513
5.307100 0.0073001      0 6.8492E-04 17.323
5.321700 0.0072999      0 6.8494E-04 17.127
5.336300 0.0073001      0 6.8492E-04 16.926
5.350900 0.0072999      0 6.8494E-04 16.722
5.365500 0.0073001      0 6.8492E-04 16.515
5.380100 0.0072999      0 6.8494E-04 16.309
5.394700 0.0072999      0 6.8494E-04 16.103
5.409300 0.0073001      0 6.8492E-04 15.895
5.423900 0.0072999      0 6.8494E-04 15.686
5.438500 0.0073001      0 6.8492E-04 15.475
5.453100 0.0072999      0 6.8494E-04 15.262
5.467700 0.0072999      0 6.8494E-04 15.049
5.482300 0.0073001      0 6.8492E-04 14.840
5.496900 0.0072999      0 6.8494E-04 14.640
5.511500 0.0073001      0 6.8492E-04 14.451
5.526100 0.0072999      0 6.8494E-04 14.276
5.540700 0.0073001      0 6.8492E-04 14.112
5.555300 0.0072999      0 6.8494E-04 13.955
5.569900 0.0072999      0 6.8494E-04 13.801
5.584500 0.0073001      0 6.8492E-04 13.645
5.599100 0.0072999      0 6.8494E-04 13.487
5.613700 0.0073001      0 6.8492E-04 13.325
5.628300 0.0072999      0 6.8494E-04 13.161
5.642900 0.0073001      0 6.8492E-04 12.995
5.657500 0.0072999      0 6.8494E-04 12.831
5.672100 0.0072999      0 6.8494E-04 12.666
5.686700 0.0073001      0 6.8492E-04 12.502
5.701300 0.0072999      0 6.8494E-04 12.339
5.715900 0.0073001      0 6.8492E-04 12.175
5.730500 0.0072999      0 6.8494E-04 12.010
5.745100 0.0072999      0 6.8494E-04 11.846
5.759700 0.0073001      0 6.8492E-04 11.683
5.774300 0.0072999      0 6.8494E-04 11.527
5.788900 0.0073001      0 6.8492E-04 11.379
5.803500 0.0072999      0 6.8494E-04 11.242
5.818100 0.0073001      0 6.8492E-04 11.115
5.832700 0.0072999      0 6.8494E-04 10.997
5.847300 0.0072999      0 6.8494E-04 10.884
5.861900 0.0073001      0 6.8492E-04 10.771
5.876500 0.0072999      0 6.8494E-04 10.659
5.891100 0.0073001      0 6.8492E-04 10.543
5.905700 0.0072999      0 6.8494E-04 10.425
5.920300 0.0072999      0 6.8494E-04 10.305
5.934900 0.0073001      0 6.8492E-04 10.183
5.949500 0.0072999      0 6.8494E-04 10.061
5.964100 0.0073001      0 6.8492E-04 9.9365
5.978700 0.0072999      0 6.8494E-04 9.8116
5.993300 0.0073001      0 6.8492E-04 9.6845
6.007900 0.0072999      0 6.8494E-04 9.5571
6.022500 0.0072999      0 6.8494E-04 9.4295
6.037100 0.0073001      0 6.8492E-04 9.3039
6.051700 0.0072999      0 6.8494E-04 9.1840
6.066300 0.0073001      0 6.8492E-04 9.0707
6.080900 0.0072999      0 6.8494E-04 8.9662
6.095500 0.0073001      0 6.8492E-04 8.8686
6.110100 0.0072999      0 6.8494E-04 8.7768
6.124700 0.0072999      0 6.8494E-04 8.6870
6.139300 0.0073001      0 6.8492E-04 8.5965
6.153900 0.0072999      0 6.8494E-04 8.5042
6.168500 0.0073001      0 6.8492E-04 8.4080
6.183100 0.0072999      0 6.8494E-04 8.3090
6.197700 0.0072999      0 6.8494E-04 8.2066
6.212300 0.0073001      0 6.8492E-04 8.1016
6.226900 0.0072999      0 6.8494E-04 7.9959
6.241500 0.0073001      0 6.8492E-04 7.8894
6.256100 0.0072999      0 6.8494E-04 7.7843
6.270700 0.0073001      0 6.8492E-04 7.6801
6.285300 0.0072999      0 6.8494E-04 7.5782
6.299900 0.0072999      0 6.8494E-04 7.4779
6.314500 0.0073001      0 6.8492E-04 7.3796
6.329100 0.0072999      0 6.8494E-04 7.2844
6.343700 0.0073001      0 6.8492E-04 7.1920
6.358300 0.0072999      0 6.8494E-04 7.1039
6.372900 0.0073001      0 6.8492E-04 7.0189
6.387500 0.0072999      0 6.8494E-04 6.9372
6.402100 0.0072999      0 6.8494E-04 6.8565
6.416700 0.0073001      0 6.8492E-04 6.7753
6.431300 0.0072999      0 6.8494E-04 6.6932
6.445900 0.0073001      0 6.8492E-04 6.6089
6.460500 0.0072999      0 6.8494E-04 6.5231
6.475100 0.0072999      0 6.8494E-04 6.4356
6.489700 0.0073001      0 6.8492E-04 6.3468
6.504300 0.0072999      0 6.8494E-04 6.2574
6.518900 0.0073001      0 6.8492E-04 6.1668
6.533500 0.0072999      0 6.8494E-04 6.0755
6.548100 0.0073001      0 6.8492E-04 5.9830
6.562700 0.0072999      0 6.8494E-04 5.8901
6.577300 0.0072999      0 6.8494E-04 5.7971
6.591900 0.0073001      0 6.8492E-04 5.7050
6.606500 0.0072999      0 6.8494E-04 5.6156
6.621100 0.0073001      0 6.8492E-04 5.5295
6.635700 0.0072999      0 6.8494E-04 5.4483
6.650300 0.0072999      0 6.8494E-04 5.3711
6.664900 0.0073001      0 6.8492E-04 5.2972
6.679500 0.0072999      0 6.8494E-04 5.2256
6.694100 0.0073001      0 6.8492E-04 5.1541
6.708700 0.0072999      0 6.8494E-04 5.0826
6.723300 0.0073001      0 6.8492E-04 5.0097
6.737900 0.0072999      0 6.8494E-04 4.9364
6.752500 0.0072999      0 6.8494E-04 4.8624
6.767100 0.0073001      0 6.8492E-04 4.7882
6.781700 0.0072999      0 6.8494E-04 4.7147
6.796300 0.0073001      0 6.8492E-04 4.6413
6.810900 0.0072999      0 6.8494E-04 4.5686
6.825500 0.0073001      0 6.8492E-04 4.4957
6.840100 0.0072999      0 6.8494E-04 4.4230
6.854700 0.0072999      0 6.8494E-04 4.3502
6.869300 0.0073001      0 6.8492E-04 4.2774
6.883900 0.0072999      0 6.8494E-04 4.2061
6.898500 0.0073001      0 6.8492E-04 4.1366
6.913100 0.0072999      0 6.8494E-04 4.0704
6.927700 0.0072999      0 6.8494E-04 4.0076
6.942300 0.0073001      0 6.8492E-04 3.9480
6.956900 0.0072999      0 6.8494E-04 3.8913
6.971500 0.0073001      0 6.8492E-04 3.8360
6.986100 0.0072999      0 6.8494E-04 3.7817
7.000700 0.0073001      0 6.8492E-04 3.7271
7.015300 0.0072999      0 6.8494E-04 3.6722
7.029900 0.0072999      0 6.8494E-04 3.6166
7.044500 0.0073001      0 6.8492E-04 3.5604
7.059100 0.0072999      0 6.8494E-04 3.5039
7.073700 0.0073001      0 6.8492E-04 3.4470
7.088300 0.0072999      0 6.8494E-04 3.3901
7.102901 0.0073001      0 6.8492E-04 3.3328
7.117500 0.0072999      0 6.8494E-04 3.2757
7.132100 0.0072999      0 6.8494E-04 3.2186
7.146700 0.0073001      0 6.8492E-04 3.1618
7.161300 0.0072999      0 6.8494E-04 3.1062
7.175900 0.0073001      0 6.8492E-04 3.0520
7.190500 0.0072999      0 6.8494E-04 3.0005
7.205100 0.0072999      0 6.8494E-04 2.9516
7.219700 0.0073001      0 6.8492E-04 2.9054
7.234300 0.0072999      0 6.8494E-04 2.8614
7.248900 0.0073001      0 6.8492E-04 2.8186
7.263500 0.0072999      0 6.8494E-04 2.7764
7.278100 0.0073001      0 6.8492E-04 2.7339
7.292700 0.0072999      0 6.8494E-04 2.6911
7.307300 0.0072999      0 6.8494E-04 2.6477
7.321900 0.0073001      0 6.8492E-04 2.6039
7.336500 0.0072999      0 6.8494E-04 2.5602
7.351100 0.0073001      0 6.8492E-04 2.5163
7.365700 0.0072999      0 6.8494E-04 2.4727
7.380300 0.0072999      0 6.8494E-04 2.4290
7.394900 0.0073001      0 6.8492E-04 2.3852
7.409500 0.0072999      0 6.8494E-04 2.3417
7.424100 0.0073001      0 6.8492E-04 2.2983
7.438700 0.0072999      0 6.8494E-04 2.2558
7.453300 0.0073001      0 6.8492E-04 2.2143
7.467900 0.0072999      0 6.8494E-04 2.1746
7.482500 0.0072999      0 6.8494E-04 2.1365
7.497100 0.0073001      0 6.8492E-04 2.0999
7.511700 0.0072999      0 6.8494E-04 2.0646
7.526300 0.0073001      0 6.8492E-04 2.0298
7.540900 0.0072999      0 6.8494E-04 1.9953
7.555500 0.0073001      0 6.8492E-04 1.9606
7.570100 0.0072999      0 6.8494E-04 1.9261
7.584700 0.0072999      0 6.8494E-04 1.8918
7.599300 0.0073001      0 6.8492E-04 1.8579
7.613900 0.0072999      0 6.8494E-04 1.8248
7.628500 0.0073001      0 6.8492E-04 1.7921
7.643100 0.0072999      0 6.8494E-04 1.7601
7.657700 0.0072999      0 6.8494E-04 1.7284
7.672300 0.0073001      0 6.8492E-04 1.6969
7.686900 0.0072999      0 6.8494E-04 1.6655
7.701500 0.0073001      0 6.8492E-04 1.6342
7.716100 0.0072999      0 6.8494E-04 1.6033
7.730700 0.0073001      0 6.8492E-04 1.5730
7.745300 0.0072999      0 6.8494E-04 1.5439
7.759900 0.0072999      0 6.8494E-04 1.5162
7.774500 0.0073001      0 6.8492E-04 1.4899
7.789100 0.0072999      0 6.8494E-04 1.4650
7.803700 0.0073001      0 6.8492E-04 1.4410
7.818300 0.0072999      0 6.8494E-04 1.4177
7.832900 0.0072999      0 6.8494E-04 1.3945
7.847500 0.0073001      0 6.8492E-04 1.3714
7.862100 0.0072999      0 6.8494E-04 1.3484
7.876700 0.0073001      0 6.8492E-04 1.3253
7.891300 0.0072999      0 6.8494E-04 1.3025
7.905900 0.0073001      0 6.8492E-04 1.2798
7.920500 0.0072999      0 6.8494E-04 1.2575
7.935100 0.0072999      0 6.8494E-04 1.2354
7.949700 0.0073001      0 6.8492E-04 1.2135
7.964300 0.0072999      0 6.8494E-04 1.1919
7.978900 0.0073001      0 6.8492E-04 1.1705
7.993500 0.0072999      0 6.8494E-04 1.1496
8.008101 0.0072999      0 6.8494E-04 1.1294
8.022699 0.0072999      0 6.8494E-04 1.1099
8.037300 0.0073004      0 6.8490E-04 1.0916
8.051901 0.0072999      0 6.8494E-04 1.0745
8.066500 0.0072999      0 6.8494E-04 1.0585
8.081100 0.0072999      0 6.8494E-04 1.0435
8.095700 0.0073004      0 6.8490E-04 1.0292
8.110300 0.0072999      0 6.8494E-04 1.0154
8.124901 0.0072999      0 6.8494E-04 1.0019
8.139500 0.0072999      0 6.8494E-04 0.98840
8.154100 0.0072999      0 6.8494E-04 0.97503
8.168700 0.0073004      0 6.8490E-04 0.96168
8.183300 0.0072999      0 6.8494E-04 0.94855
8.197901 0.0072999      0 6.8494E-04 0.93548
8.212500 0.0072999      0 6.8494E-04 0.92250
8.227100 0.0072999      0 6.8494E-04 0.90961
8.241700 0.0073004      0 6.8490E-04 0.89673
8.256300 0.0072999      0 6.8494E-04 0.88410
8.270901 0.0072999      0 6.8494E-04 0.87162
8.285500 0.0072999      0 6.8494E-04 0.85951
8.300100 0.0072999      0 6.8494E-04 0.84794
8.314700 0.0073004      0 6.8490E-04 0.83700
8.329300 0.0072999      0 6.8494E-04 0.82691
8.343901 0.0072999      0 6.8494E-04 0.81744
8.358500 0.0072999      0 6.8494E-04 0.80849
8.373100 0.0073004      0 6.8490E-04 0.79981
8.387701 0.0072999      0 6.8494E-04 0.79137
8.402300 0.0072999      0 6.8494E-04 0.78291
8.416901 0.0072999      0 6.8494E-04 0.77441
8.431499 0.0072999      0 6.8494E-04 0.76589
8.446100 0.0073004      0 6.8490E-04 0.75732
8.460701 0.0072999      0 6.8494E-04 0.74887
8.475300 0.0072999      0 6.8494E-04 0.74041
8.489901 0.0072999      0 6.8494E-04 0.73196
8.504499 0.0072999      0 6.8494E-04 0.72349
8.519100 0.0073004      0 6.8490E-04 0.71494
8.533701 0.0072999      0 6.8494E-04 0.70644
8.548300 0.0072999      0 6.8494E-04 0.69791
8.562901 0.0072999      0 6.8494E-04 0.68950
8.577499 0.0072999      0 6.8494E-04 0.68134
8.592100 0.0073004      0 6.8490E-04 0.67352
8.606701 0.0072999      0 6.8494E-04 0.66626
8.621300 0.0072999      0 6.8494E-04 0.65942
8.635900 0.0072999      0 6.8494E-04 0.65296
8.650500 0.0073004      0 6.8490E-04 0.64672
8.665100 0.0072999      0 6.8494E-04 0.64065
8.679701 0.0072999      0 6.8494E-04 0.63452
8.694300 0.0072999      0 6.8494E-04 0.62829
8.708900 0.0072999      0 6.8494E-04 0.62192
8.723500 0.0073004      0 6.8490E-04 0.61539
8.738100 0.0072999      0 6.8494E-04 0.60886
8.752701 0.0072999      0 6.8494E-04 0.60222
8.767300 0.0072999      0 6.8494E-04 0.59555
8.781900 0.0072999      0 6.8494E-04 0.58885
8.796500 0.0073004      0 6.8490E-04 0.58208
8.811100 0.0072999      0 6.8494E-04 0.57537
8.825701 0.0072999      0 6.8494E-04 0.56866
8.840300 0.0072999      0 6.8494E-04 0.56205
8.854900 0.0072999      0 6.8494E-04 0.55562
8.869500 0.0073004      0 6.8490E-04 0.54942
8.884100 0.0072999      0 6.8494E-04 0.54358
8.898701 0.0072999      0 6.8494E-04 0.53800
8.913300 0.0072999      0 6.8494E-04 0.53263
8.927900 0.0072999      0 6.8494E-04 0.52739
8.942500 0.0073004      0 6.8490E-04 0.52214
8.957100 0.0072999      0 6.8494E-04 0.51693
8.971701 0.0072999      0 6.8494E-04 0.51160
8.986300 0.0072999      0 6.8494E-04 0.50621
9.000900 0.0073004      0 6.8490E-04 0.50073
9.015501 0.0072999      0 6.8494E-04 0.49529
9.030100 0.0072999      0 6.8494E-04 0.48981
9.044701 0.0072999      0 6.8494E-04 0.48433
9.059299 0.0072999      0 6.8494E-04 0.47883
9.073900 0.0073004      0 6.8490E-04 0.47329
9.088501 0.0072999      0 6.8494E-04 0.46779
9.103100 0.0072999      0 6.8494E-04 0.46227
9.117701 0.0072999      0 6.8494E-04 0.45682
9.132299 0.0072999      0 6.8494E-04 0.45150
9.146900 0.0073004      0 6.8490E-04 0.44636
9.161501 0.0072999      0 6.8494E-04 0.44155
9.176100 0.0072999      0 6.8494E-04 0.43698
9.190701 0.0072999      0 6.8494E-04 0.43266
9.205299 0.0072999      0 6.8494E-04 0.42851
9.219900 0.0073004      0 6.8490E-04 0.42441
9.234501 0.0072999      0 6.8494E-04 0.42034
9.249100 0.0072999      0 6.8494E-04 0.41614
9.263700 0.0072999      0 6.8494E-04 0.41180
9.278300 0.0073004      0 6.8490E-04 0.40729
9.292900 0.0072999      0 6.8494E-04 0.40267
9.307501 0.0072999      0 6.8494E-04 0.39790
9.322100 0.0072999      0 6.8494E-04 0.39302
9.336700 0.0072999      0 6.8494E-04 0.38805
9.351300 0.0073004      0 6.8490E-04 0.38299
9.365900 0.0072999      0 6.8494E-04 0.37794
9.380501 0.0072999      0 6.8494E-04 0.37284
9.395100 0.0072999      0 6.8494E-04 0.36779
9.409700 0.0072999      0 6.8494E-04 0.36282
9.424300 0.0073004      0 6.8490E-04 0.35797
9.438900 0.0072999      0 6.8494E-04 0.35335
9.453501 0.0072999      0 6.8494E-04 0.34892
9.468100 0.0072999      0 6.8494E-04 0.34467
9.482700 0.0072999      0 6.8494E-04 0.34058
9.497300 0.0073004      0 6.8490E-04 0.33655
9.511900 0.0072999      0 6.8494E-04 0.33257
9.526501 0.0072999      0 6.8494E-04 0.32854
9.541100 0.0072999      0 6.8494E-04 0.32443
9.555700 0.0073004      0 6.8490E-04 0.32020
9.570301 0.0072999      0 6.8494E-04 0.31591
9.584900 0.0072999      0 6.8494E-04 0.31150
9.599501 0.0072999      0 6.8494E-04 0.30699
9.614100 0.0072999      0 6.8494E-04 0.30239
9.628700 0.0073004      0 6.8490E-04 0.29767
9.643301 0.0072999      0 6.8494E-04 0.29293
9.657900 0.0072999      0 6.8494E-04 0.28813
9.672501 0.0072999      0 6.8494E-04 0.28341
9.687099 0.0072999      0 6.8494E-04 0.27890
9.701700 0.0073004      0 6.8490E-04 0.27486
9.716301 0.0072999      0 6.8494E-04 0.27168
9.730900 0.0072999      0 6.8494E-04 0.26976
9.745501 0.0072999      0 6.8494E-04 0.26960
9.760099 0.0072999      0 6.8494E-04 0.27156
9.774700 0.0073004      0 6.8490E-04 0.27570
9.789301 0.0072999      0 6.8494E-04 0.28157
9.803900 0.0072999      0 6.8494E-04 0.28787
9.818501 0.0072999      0 6.8494E-04 0.29260
9.833100 0.0073004      0 6.8490E-04 0.29323
9.847700 0.0072999      0 6.8494E-04 0.28734
9.862301 0.0072999      0 6.8494E-04 0.27310
9.876900 0.0072999      0 6.8494E-04 0.25008
9.891500 0.0072999      0 6.8494E-04 0.21942
9.906100 0.0073004      0 6.8490E-04 0.18364
9.920700 0.0072999      0 6.8494E-04 0.14615
9.935301 0.0072999      0 6.8494E-04 0.11030
9.949900 0.0072999      0 6.8494E-04 0.078786
9.964500 0.0072999      0 6.8494E-04 0.053190
9.979100 0.0073004      0 6.8490E-04 0.033897
9.993700 0.0072999      0 6.8494E-04 0.020378
