READ SERR 1 2
@po0.pco
!
0.109500 0.007300      0 0.001405 24.21
0.124100 0.007300      0 0.001405 24.40
0.138700 0.007300      0 0.001405 23.20
0.153300 0.007300      0 0.001405 21.30
0.167900 0.007300      0 0.001405 19.46
0.182500 0.007300      0 0.001405 18.26
0.197100 0.007300      0 0.001405 17.96
0.211700 0.007300      0 0.001405 18.65
0.226300 0.007300      0 0.001405 20.46
0.240900 0.007300      0 0.001405 23.68
0.255500 0.007300      0 0.001405 28.46
0.270100 0.007300      0 0.001405 34.61
0.284700 0.007300      0 0.001405 42.21
0.299300 0.007300 0.001405 0.001405 51.84
0.313900 0.007300      0 0.001405 64.00
0.328500 0.007300      0 0.001405 78.68
0.343100 0.007300      0 0.001405 95.38
0.357700 0.007300      0 0.001405 113.5
0.372300 0.007300      0 0.001405 132.9
0.386900 0.007300 0.002810 0.001987 153.8
0.401500 0.007300      0 0.001405 176.4
0.416100 0.007300      0 0.001405 200.5
0.430700 0.007300 0.002810 0.001987 224.8
0.445300 0.007300      0 0.001405 247.5
0.459900 0.007300 0.001405 0.001405 266.1
0.474500 0.007300      0 0.001405 277.4
0.489100 0.007300      0 0.001405 278.4
0.503700 0.007300      0 0.001405 268.2
0.518300 0.007300      0 0.001405 250.3
0.532900 0.007300      0 0.001405 231.9
0.547500 0.007300      0 0.001405 220.6
0.562100 0.007300      0 0.001405 219.7
0.576700 0.007300      0 0.001405 227.6
0.591300 0.007300      0 0.001405 240.4
0.605900 0.007300      0 0.001405 255.3
0.620500 0.007300      0 0.001405 270.7
0.635100 0.007300      0 0.001405 286.2
0.649700 0.007300      0 0.001405 301.1
0.664300 0.007300 0.001405 0.001405 314.7
0.678900 0.007300 0.001405 0.001405 326.5
0.693500 0.007300      0 0.001405 336.5
0.708100 0.007300      0 0.001405 345.1
0.722700 0.007300 0.001405 0.001405 352.9
0.737300 0.007300      0 0.001405 360.1
0.751900 0.007300      0 0.001405 366.9
0.766500 0.007300      0 0.001405 373.2
0.781100 0.007300 0.001405 0.001405 378.9
0.795700 0.007300      0 0.001405 383.9
0.810300 0.007300      0 0.001405 388.4
0.824900 0.007300      0 0.001405 392.6
0.839500 0.007300      0 0.001405 396.8
0.854100 0.007300      0 0.001405 400.8
0.868700 0.007300      0 0.001405 404.6
0.883300 0.007300      0 0.001405 407.7
0.897900 0.007300      0 0.001405 410.0
0.912500 0.007300      0 0.001405 411.5
0.927100 0.007300      0 0.001405 412.1
0.941700 0.007300      0 0.001405 412.3
0.956300 0.007300      0 0.001405 412.1
0.970900 0.007300      0 0.001405 411.7
0.985500 0.007300      0 0.001405 410.9
1.000100 0.007300      0 0.001405 409.5
1.014700 0.007300      0 0.001405 407.5
1.029300 0.007300      0 0.001405 405.0
1.043900 0.007300      0 0.001405 402.2
1.058500 0.007300      0 0.001405 399.5
1.073100 0.007300      0 0.001405 396.8
1.087700 0.007300 0.002810 0.001987 394.3
1.102300 0.007300      0 0.001405 391.6
1.116900 0.007300      0 0.001405 388.6
1.131500 0.007300      0 0.001405 385.3
1.146100 0.007300      0 0.001405 381.6
1.160700 0.007300      0 0.001405 378.0
1.175300 0.007300      0 0.001405 374.5
1.189900 0.007300      0 0.001405 371.3
1.204500 0.007300      0 0.001405 368.3
1.219100 0.007300      0 0.001405 365.4
1.233700 0.007300      0 0.001405 362.4
1.248300 0.007300      0 0.001405 359.2
1.262900 0.007300      0 0.001405 356.1
1.277500 0.007300      0 0.001405 353.0
1.292100 0.007300 0.002810 0.001987 350.1
1.306700 0.007300      0 0.001405 347.4
1.321300 0.007300      0 0.001405 344.6
1.335900 0.007300      0 0.001405 341.5
1.350500 0.007300      0 0.001405 337.9
1.365100 0.007300      0 0.001405 333.8
1.379700 0.007300      0 0.001405 329.5
1.394300 0.007300 0.002810 0.001987 325.3
1.408900 0.007300      0 0.001405 321.4
1.423500 0.007300 0.001405 0.001405 317.5
1.438100 0.007300 0.001405 0.001405 313.7
1.452700 0.007300      0 0.001405 309.5
1.467300 0.007300      0 0.001405 304.5
1.481900 0.007300 0.001405 0.001405 298.4
1.496500 0.007300      0 0.001405 290.9
1.511100 0.007300      0 0.001405 282.1
1.525700 0.007300      0 0.001405 272.4
1.540300 0.007300 0.001405 0.001405 262.7
1.554900 0.007300      0 0.001405 253.8
1.569500 0.007300      0 0.001405 246.5
1.584100 0.007300      0 0.001405 240.9
1.598700 0.007300      0 0.001405 236.9
1.613300 0.007300 0.002810 0.001987 233.9
1.627900 0.007300      0 0.001405 231.6
1.642500 0.007300 0.001405 0.001405 229.8
1.657100 0.007300 0.001405 0.001405 228.3
1.671700 0.007300 0.001405 0.001405 227.3
1.686300 0.007300 0.002810 0.001987 226.8
1.700900 0.007300 0.002810 0.001987 226.6
1.715500 0.007300 0.004215 0.002433 225.5
1.730100 0.007300 0.001405 0.001405 222.4
1.744700 0.007300      0 0.001405 217.0
1.759300 0.007300 0.001405 0.001405 209.9
1.773900 0.007300 0.005619 0.002810 200.8
1.788500 0.007300 0.008429 0.003441 189.7
1.803100 0.007300      0 0.001405 176.6
1.817700 0.007300 0.004215 0.002433 162.6
1.832300 0.007300 0.008429 0.003441 149.2
1.846900 0.007300 0.004215 0.002433 138.1
1.861500 0.007300 0.011239 0.003974 130.0
1.876100 0.007300 0.001405 0.001405 125.0
1.890700 0.007300 0.004215 0.002433 122.3
1.905300 0.007300 0.005619 0.002810 120.9
1.919900 0.007300 0.008429 0.003441 120.1
1.934500 0.007300 0.001405 0.001405 119.2
1.949100 0.007300 0.002810 0.001987 117.8
1.963700 0.007300 0.001405 0.001405 115.7
1.978300 0.007300 0.004215 0.002433 112.6
1.992900 0.007300      0 0.001405 108.5
2.007500 0.007300 0.002810 0.001987 103.1
2.022100 0.007300      0 0.001405 96.69
2.036700 0.007300 0.002810 0.001987 89.48
2.051300 0.007300 0.001405 0.001405 82.03
2.065900 0.007300 0.004215 0.002433 74.94
2.080500 0.007300 0.002810 0.001987 68.72
2.095100 0.007300      0 0.001405 63.68
2.109700 0.007300 0.005619 0.002810 59.88
2.124300 0.007300      0 0.001405 57.23
2.138900 0.007300 0.001405 0.001405 55.55
2.153500 0.007300 0.001405 0.001405 54.67
2.168100 0.007300      0 0.001405 54.41
2.182700 0.007300      0 0.001405 54.61
2.197300 0.007300 0.002810 0.001987 55.10
2.211900 0.007300 0.004215 0.002433 55.75
2.226500 0.007300 0.002810 0.001987 56.42
2.241100 0.007300      0 0.001405 57.05
2.255700 0.007300 0.002810 0.001987 57.58
2.270300 0.007300 0.004215 0.002433 58.00
2.284900 0.007300 0.004215 0.002433 58.32
2.299500 0.007300 0.004215 0.002433 58.56
2.314100 0.007300 0.007024 0.003141 58.72
2.328700 0.007300 0.004215 0.002433 58.84
2.343300 0.007300 0.016858 0.004867 58.91
2.357900 0.007300 0.005619 0.002810 58.92
2.372500 0.007300 0.012644 0.004215 58.86
2.387100 0.007300 0.007024 0.003141 58.74
2.401700 0.007300 0.015454 0.004659 58.54
2.416300 0.007300 0.009834 0.003717 58.28
2.430900 0.007300 0.014049 0.004443 57.94
2.445500 0.007300 0.014049 0.004443 57.51
2.460100 0.007300 0.009834 0.003717 56.98
2.474700 0.007300 0.002810 0.001987 56.34
2.489300 0.007300 0.005619 0.002810 55.61
2.503900 0.007300 0.005620 0.002810 54.84
2.518500 0.007300 0.005619 0.002810 54.09
2.533100 0.007300 0.002810 0.001987 53.45
2.547700 0.007300 0.004215 0.002433 52.97
2.562300 0.007300 0.007024 0.003141 52.68
2.576900 0.007300 0.008429 0.003441 52.55
2.591500 0.007300 0.007024 0.003141 52.54
2.606100 0.007300 0.011239 0.003974 52.58
2.620700 0.007300 0.009834 0.003717 52.62
2.635300 0.007300 0.004215 0.002433 52.63
2.649900 0.007300 0.009834 0.003717 52.62
2.664500 0.007300 0.007024 0.003141 52.58
2.679100 0.007300 0.004215 0.002433 52.52
2.693700 0.007300 0.004215 0.002433 52.44
2.708300 0.007300 0.008429 0.003441 52.34
2.722900 0.007300 0.004215 0.002433 52.22
2.737500 0.007300 0.004215 0.002433 52.07
2.752100 0.007300 0.004215 0.002433 51.89
2.766700 0.007300 0.007024 0.003141 51.70
2.781300 0.007300 0.007024 0.003141 51.48
2.795900 0.007300 0.007024 0.003141 51.23
2.810500 0.007300 0.002810 0.001987 50.96
2.825100 0.007300 0.002810 0.001987 50.64
2.839700 0.007300 0.008429 0.003441 50.28
2.854300 0.007300 0.008429 0.003441 49.88
2.868900 0.007300 0.007024 0.003141 49.48
2.883500 0.007300 0.008429 0.003441 49.09
2.898100 0.007300 0.007024 0.003141 48.74
2.912700 0.007300 0.008429 0.003441 48.44
2.927300 0.007300 0.012644 0.004215 48.19
2.941900 0.007300 0.005619 0.002810 47.98
2.956500 0.007300 0.014049 0.004443 47.80
2.971100 0.007300 0.008429 0.003441 47.63
2.985700 0.007300 0.001405 0.001405 47.47
3.000300 0.007300 0.007024 0.003141 47.30
3.014900 0.007300 0.012644 0.004215 47.13
3.029500 0.007300 0.009834 0.003717 46.94
3.044100 0.007300 0.009834 0.003717 46.74
3.058700 0.007300 0.011239 0.003974 46.52
3.073300 0.007300 0.018263 0.005065 46.27
3.087900 0.007300 0.009834 0.003717 46.00
3.102500 0.007300 0.009834 0.003717 45.71
3.117100 0.007300 0.019668 0.005257 45.41
3.131700 0.007300 0.004215 0.002433 45.11
3.146300 0.007300 0.015454 0.004660 44.82
3.160900 0.007300 0.012644 0.004215 44.53
3.175500 0.007300 0.008429 0.003441 44.27
3.190100 0.007300 0.009834 0.003717 44.03
3.204700 0.007300 0.007024 0.003141 43.82
3.219300 0.007300 0.004215 0.002433 43.63
3.233900 0.007300 0.009834 0.003717 43.46
3.248500 0.007300 0.009834 0.003717 43.31
3.263100 0.007300 0.004215 0.002433 43.17
3.277700 0.007300 0.009834 0.003717 43.02
3.292300 0.007300 0.012644 0.004215 42.87
3.306900 0.007300 0.011239 0.003974 42.71
3.321500 0.007300 0.002810 0.001987 42.54
3.336100 0.007300 0.009834 0.003717 42.37
3.350700 0.007300 0.005619 0.002810 42.19
3.365300 0.007300 0.004215 0.002433 42.01
3.379900 0.007300 0.005619 0.002810 41.81
3.394500 0.007300 0.011239 0.003974 41.61
3.409100 0.007300 0.009834 0.003717 41.40
3.423700 0.007300 0.014049 0.004443 41.18
3.438300 0.007300 0.008429 0.003441 40.96
3.452900 0.007300 0.008429 0.003441 40.73
3.467500 0.007300 0.005619 0.002810 40.51
3.482100 0.007300 0.014049 0.004443 40.30
3.496700 0.007300 0.011239 0.003974 40.09
3.511300 0.007300 0.011239 0.003974 39.88
3.525900 0.007300 0.012644 0.004215 39.67
3.540500 0.007300 0.008429 0.003441 39.45
3.555100 0.007300 0.004215 0.002433 39.24
3.569700 0.007300 0.007024 0.003141 39.03
3.584300 0.007300 0.004215 0.002433 38.82
3.598900 0.007300 0.009834 0.003717 38.61
3.613500 0.007300 0.008429 0.003441 38.40
3.628100 0.007300 0.008429 0.003441 38.18
3.642700 0.007300 0.008429 0.003441 37.97
3.657300 0.007300 0.016858 0.004867 37.75
3.671900 0.007300 0.008429 0.003441 37.53
3.686500 0.007300 0.004215 0.002433 37.31
3.701100 0.007300 0.008429 0.003441 37.10
3.715700 0.007300 0.016858 0.004867 36.88
3.730300 0.007300 0.007024 0.003141 36.67
3.744900 0.007300 0.009834 0.003717 36.46
3.759500 0.007300 0.007024 0.003141 36.25
3.774100 0.007300 0.012644 0.004215 36.03
3.788700 0.007300 0.007024 0.003141 35.82
3.803300 0.007300 0.004215 0.002433 35.60
3.817900 0.007300 0.018263 0.005065 35.38
3.832500 0.007300 0.004215 0.002433 35.16
3.847100 0.007300 0.011239 0.003974 34.94
3.861700 0.007300 0.011239 0.003974 34.71
3.876300 0.007300 0.011239 0.003974 34.48
3.890900 0.007300 0.012644 0.004215 34.25
3.905500 0.007300 0.009834 0.003717 34.03
3.920100 0.007300 0.014049 0.004443 33.80
3.934700 0.007300 0.011239 0.003974 33.58
3.949300 0.007300 0.008429 0.003441 33.36
3.963900 0.007300 0.014049 0.004443 33.14
3.978500 0.007300 0.007024 0.003141 32.91
3.993100 0.007300 0.007024 0.003141 32.69
4.007700 0.007300 0.007024 0.003141 32.47
4.022300 0.007300 0.009834 0.003717 32.25
4.036900 0.007300 0.007024 0.003141 32.03
4.051500 0.007300 0.008429 0.003441 31.82
4.066100 0.007300 0.004215 0.002433 31.61
4.080700 0.007300 0.007024 0.003141 31.40
4.095300 0.007300 0.001405 0.001405 31.19
4.109900 0.007300 0.008429 0.003441 30.98
4.124500 0.007300 0.005619 0.002810 30.77
4.139100 0.007300 0.007024 0.003141 30.57
4.153700 0.007300 0.004215 0.002433 30.37
4.168300 0.007300 0.004215 0.002433 30.16
4.182900 0.007300 0.004215 0.002433 29.96
4.197500 0.007300 0.004215 0.002433 29.77
4.212100 0.007300 0.004215 0.002433 29.57
4.226700 0.007300 0.005619 0.002810 29.37
4.241300 0.007300 0.005620 0.002810 29.17
4.255900 0.007300 0.005619 0.002810 28.97
4.270500 0.007300 0.001405 0.001405 28.77
4.285100 0.007300 0.008429 0.003441 28.58
4.299700 0.007300 0.007024 0.003141 28.38
4.314300 0.007300 0.007024 0.003141 28.18
4.328900 0.007300 0.005619 0.002810 27.99
4.343500 0.007300 0.005620 0.002810 27.79
4.358100 0.007300 0.007024 0.003141 27.59
4.372700 0.007300 0.004215 0.002433 27.40
4.387300 0.007300 0.002810 0.001987 27.20
4.401900 0.007300 0.009834 0.003717 27.00
4.416500 0.007300 0.005620 0.002810 26.81
4.431100 0.007300 0.002810 0.001987 26.61
4.445700 0.007300 0.005620 0.002810 26.41
4.460300 0.007300 0.005620 0.002810 26.21
4.474900 0.007300 0.009834 0.003717 26.01
4.489500 0.007300 0.005620 0.002810 25.81
4.504100 0.007300 0.008429 0.003441 25.61
4.518700 0.007300 0.004215 0.002433 25.42
4.533300 0.007300 0.007024 0.003141 25.22
4.547900 0.007300 0.001405 0.001405 25.01
4.562500 0.007300 0.008429 0.003441 24.81
4.577100 0.007300 0.004215 0.002433 24.61
4.591700 0.007300 0.011239 0.003974 24.40
4.606300 0.007300 0.005619 0.002810 24.20
4.620900 0.007300 0.004215 0.002433 23.99
4.635500 0.007300 0.002810 0.001987 23.79
4.650100 0.007300 0.004215 0.002433 23.59
4.664700 0.007300 0.002810 0.001987 23.38
4.679300 0.007300 0.004215 0.002433 23.18
4.693900 0.007300 0.005620 0.002810 22.98
4.708500 0.007300 0.002810 0.001987 22.78
4.723100 0.007300 0.001405 0.001405 22.59
4.737700 0.007300 0.007024 0.003141 22.39
4.752300 0.007300 0.001405 0.001405 22.20
4.766900 0.007300 0.002810 0.001987 22.01
4.781500 0.007300 0.005619 0.002810 21.81
4.796100 0.007300 0.002810 0.001987 21.62
4.810700 0.007300 0.007024 0.003141 21.43
4.825300 0.007300 0.002810 0.001987 21.23
4.839900 0.007300 0.005620 0.002810 21.04
4.854500 0.007300 0.007024 0.003141 20.85
4.869100 0.007300 0.001405 0.001405 20.65
4.883700 0.007300 0.004215 0.002433 20.46
4.898300 0.007300 0.005620 0.002810 20.26
4.912900 0.007300 0.004215 0.002433 20.06
4.927500 0.007300 0.002810 0.001987 19.86
4.942100 0.007300 0.004215 0.002433 19.67
4.956700 0.007300 0.007024 0.003141 19.47
4.971300 0.007300 0.008429 0.003441 19.28
4.985900 0.007300 0.002810 0.001987 19.08
5.000500 0.007300 0.002810 0.001987 18.89
5.015100 0.007300 0.001405 0.001405 18.70
5.029700 0.007300 0.005619 0.002810 18.51
5.044300 0.007300 0.001405 0.001405 18.33
5.058900 0.007300 0.007024 0.003141 18.15
5.073500 0.007300 0.004215 0.002433 17.97
5.088100 0.007300 0.007024 0.003141 17.79
5.102700 0.007300      0 0.001405 17.61
5.117300 0.007300      0 0.001405 17.43
5.131900 0.007300 0.004215 0.002433 17.26
5.146500 0.007300 0.004215 0.002433 17.08
5.161100 0.007300      0 0.001405 16.91
5.175700 0.007300 0.001405 0.001405 16.74
5.190300 0.007300 0.002810 0.001987 16.57
5.204900 0.007300 0.001405 0.001405 16.40
5.219500 0.007300 0.004215 0.002433 16.23
5.234100 0.007300 0.002810 0.001987 16.06
5.248700 0.007300 0.004215 0.002433 15.89
5.263300 0.007300 0.001405 0.001405 15.72
5.277900 0.007300      0 0.001405 15.56
5.292500 0.007300 0.001405 0.001405 15.39
5.307100 0.007300 0.005619 0.002810 15.23
5.321700 0.007300 0.001405 0.001405 15.06
5.336300 0.007300 0.001405 0.001405 14.90
5.350900 0.007300 0.005620 0.002810 14.74
5.365500 0.007300 0.002810 0.001987 14.58
5.380100 0.007300 0.002810 0.001987 14.42
5.394700 0.007300 0.009834 0.003717 14.27
5.409300 0.007300 0.001405 0.001405 14.11
5.423900 0.007300 0.007024 0.003141 13.96
5.438500 0.007300 0.004215 0.002433 13.81
5.453100 0.007300 0.002810 0.001987 13.66
5.467700 0.007300 0.002810 0.001987 13.51
5.482300 0.007300 0.002810 0.001987 13.36
5.496900 0.007300 0.002810 0.001987 13.22
5.511500 0.007300 0.001405 0.001405 13.07
5.526100 0.007300 0.002810 0.001987 12.93
5.540700 0.007300 0.004215 0.002433 12.79
5.555300 0.007300 0.004215 0.002433 12.65
5.569900 0.007300 0.001405 0.001405 12.51
5.584500 0.007300 0.001405 0.001405 12.37
5.599100 0.007300 0.004215 0.002433 12.23
5.613700 0.007300 0.002810 0.001987 12.10
5.628300 0.007300      0 0.001405 11.96
5.642900 0.007300 0.004215 0.002433 11.83
5.657500 0.007300 0.001405 0.001405 11.70
5.672100 0.007300 0.001405 0.001405 11.57
5.686700 0.007300 0.002810 0.001987 11.44
5.701300 0.007300 0.001405 0.001405 11.32
5.715900 0.007300 0.001405 0.001405 11.19
5.730500 0.007300 0.002810 0.001987 11.06
5.745100 0.007300 0.004215 0.002433 10.94
5.759700 0.007300 0.007024 0.003141 10.82
5.774300 0.007300 0.004215 0.002433 10.69
5.788900 0.007300 0.001405 0.001405 10.57
5.803500 0.007300 0.004215 0.002433 10.45
5.818100 0.007300 0.001405 0.001405 10.33
5.832700 0.007300 0.001405 0.001405 10.21
5.847300 0.007300      0 0.001405 10.09
5.861900 0.007300      0 0.001405 9.976
5.876500 0.007300 0.002810 0.001987 9.860
5.891100 0.007300 0.001405 0.001405 9.743
5.905700 0.007300 0.002810 0.001987 9.627
5.920300 0.007300 0.002810 0.001987 9.511
5.934900 0.007300 0.001405 0.001405 9.396
5.949500 0.007300 0.001405 0.001405 9.281
5.964100 0.007300 0.005619 0.002810 9.167
5.978700 0.007300      0 0.001405 9.053
5.993300 0.007300 0.001405 0.001405 8.940
6.007900 0.007300 0.001405 0.001405 8.829
6.022500 0.007300 0.001405 0.001405 8.717
6.037100 0.007300      0 0.001405 8.607
6.051700 0.007300 0.001405 0.001405 8.498
6.066300 0.007300 0.001405 0.001405 8.389
6.080900 0.007300 0.002810 0.001987 8.282
6.095500 0.007300 0.001405 0.001405 8.175
6.110100 0.007300 0.001405 0.001405 8.070
6.124700 0.007300 0.001405 0.001405 7.966
6.139300 0.007300      0 0.001405 7.862
6.153900 0.007300 0.001405 0.001405 7.760
6.168500 0.007300 0.002810 0.001987 7.658
6.183100 0.007300 0.004215 0.002433 7.557
6.197700 0.007300 0.002810 0.001987 7.458
6.212300 0.007300 0.004215 0.002433 7.359
6.226900 0.007300      0 0.001405 7.261
6.241500 0.007300 0.001405 0.001405 7.165
6.256100 0.007300 0.001405 0.001405 7.070
6.270700 0.007300 0.002810 0.001987 6.975
6.285300 0.007300 0.001405 0.001405 6.882
6.299900 0.007300 0.002810 0.001987 6.789
6.314500 0.007300      0 0.001405 6.697
6.329100 0.007300 0.004215 0.002433 6.607
6.343700 0.007300 0.001405 0.001405 6.517
6.358300 0.007300 0.001405 0.001405 6.428
6.372900 0.007300 0.004215 0.002433 6.339
6.387500 0.007300 0.001405 0.001405 6.251
6.402100 0.007300 0.001405 0.001405 6.164
6.416700 0.007300 0.002810 0.001987 6.077
6.431300 0.007300 0.001405 0.001405 5.992
6.445900 0.007300 0.004215 0.002433 5.906
6.460500 0.007300 0.001405 0.001405 5.822
6.475100 0.007300 0.001405 0.001405 5.738
6.489700 0.007300 0.002810 0.001987 5.655
6.504300 0.007300 0.004215 0.002433 5.573
6.518900 0.007300 0.005619 0.002810 5.492
6.533500 0.007300 0.007024 0.003141 5.412
6.548100 0.007300 0.002810 0.001987 5.332
6.562700 0.007300 0.001405 0.001405 5.254
6.577300 0.007300 0.009834 0.003717 5.177
6.591900 0.007300 0.002810 0.001987 5.101
6.606500 0.007300 0.009834 0.003717 5.026
6.621100 0.007300 0.009834 0.003717 4.952
6.635700 0.007300 0.002810 0.001987 4.879
6.650300 0.007300 0.002810 0.001987 4.808
6.664900 0.007300 0.007024 0.003141 4.737
6.679500 0.007300 0.008429 0.003441 4.667
6.694100 0.007300 0.005619 0.002810 4.598
6.708700 0.007300 0.002810 0.001987 4.530
6.723300 0.007300 0.011239 0.003974 4.462
6.737900 0.007300 0.005620 0.002810 4.396
6.752500 0.007300 0.004215 0.002433 4.330
6.767100 0.007300 0.005619 0.002810 4.264
6.781700 0.007300 0.001405 0.001405 4.200
6.796300 0.007300 0.002810 0.001987 4.137
6.810900 0.007300 0.002810 0.001987 4.074
6.825500 0.007300 0.001405 0.001405 4.012
6.840100 0.007300      0 0.001405 3.950
6.854700 0.007300 0.001405 0.001405 3.890
6.869300 0.007300      0 0.001405 3.830
6.883900 0.007300 0.001405 0.001405 3.771
6.898500 0.007300 0.001405 0.001405 3.712
6.913100 0.007300      0 0.001405 3.655
6.927700 0.007300      0 0.001405 3.598
6.942300 0.007300      0 0.001405 3.542
6.956900 0.007300 0.001405 0.001405 3.486
6.971500 0.007300 0.001405 0.001405 3.431
6.986100 0.007300      0 0.001405 3.377
7.000700 0.007300 0.001405 0.001405 3.324
7.015300 0.007300 0.001405 0.001405 3.271
7.029900 0.007300      0 0.001405 3.219
7.044500 0.007300 0.001405 0.001405 3.168
7.059100 0.007300 0.001405 0.001405 3.118
7.073700 0.007300      0 0.001405 3.068
7.088300 0.007300 0.001405 0.001405 3.019
7.102901 0.007300 0.001405 0.001405 2.970
7.117500 0.007300      0 0.001405 2.923
7.132100 0.007300      0 0.001405 2.876
7.146700 0.007300      0 0.001405 2.830
7.161300 0.007300      0 0.001405 2.785
7.175900 0.007300 0.001405 0.001405 2.740
7.190500 0.007300      0 0.001405 2.696
7.205100 0.007300      0 0.001405 2.653
7.219700 0.007300 0.001405 0.001405 2.610
7.234300 0.007300      0 0.001405 2.568
7.248900 0.007300      0 0.001405 2.526
7.263500 0.007300      0 0.001405 2.485
7.278100 0.007300 0.002810 0.001987 2.444
7.292700 0.007300      0 0.001405 2.404
7.307300 0.007300      0 0.001405 2.365
7.321900 0.007300      0 0.001405 2.326
7.336500 0.007300      0 0.001405 2.288
7.351100 0.007300      0 0.001405 2.251
7.365700 0.007300      0 0.001405 2.214
7.380300 0.007300      0 0.001405 2.178
7.394900 0.007300      0 0.001405 2.142
7.409500 0.007300      0 0.001405 2.107
7.424100 0.007300 0.001405 0.001405 2.072
7.438700 0.007300      0 0.001405 2.039
7.453300 0.007300 0.001405 0.001405 2.006
7.467900 0.007300      0 0.001405 1.973
7.482500 0.007300      0 0.001405 1.941
7.497100 0.007300      0 0.001405 1.910
7.511700 0.007300      0 0.001405 1.879
7.526300 0.007300      0 0.001405 1.849
7.540900 0.007300      0 0.001405 1.819
7.555500 0.007300      0 0.001405 1.790
7.570100 0.007300 0.001405 0.001405 1.761
7.584700 0.007300 0.001405 0.001405 1.733
7.599300 0.007300      0 0.001405 1.705
7.613900 0.007300 0.001405 0.001405 1.678
7.628500 0.007300      0 0.001405 1.651
7.643100 0.007300      0 0.001405 1.624
7.657700 0.007300 0.002810 0.001987 1.598
7.672300 0.007300      0 0.001405 1.572
7.686900 0.007300      0 0.001405 1.546
7.701500 0.007300 0.001405 0.001405 1.520
7.716100 0.007300      0 0.001405 1.494
7.730700 0.007300 0.001405 0.001405 1.468
7.745300 0.007300      0 0.001405 1.442
7.759900 0.007300 0.001405 0.001405 1.416
7.774500 0.007300      0 0.001405 1.390
7.789100 0.007300      0 0.001405 1.363
7.803700 0.007300      0 0.001405 1.337
7.818300 0.007300      0 0.001405 1.311
7.832900 0.007300      0 0.001405 1.286
7.847500 0.007300      0 0.001405 1.261
7.862100 0.007300      0 0.001405 1.237
7.876700 0.007300 0.001405 0.001405 1.214
7.891300 0.007300      0 0.001405 1.192
7.905900 0.007300      0 0.001405 1.172
7.920500 0.007300      0 0.001405 1.153
7.935100 0.007300      0 0.001405 1.136
7.949700 0.007300      0 0.001405 1.121
7.964300 0.007300      0 0.001405 1.107
7.978900 0.007300      0 0.001405 1.095
7.993500 0.007300      0 0.001405 1.084
8.008101 0.007300      0 0.001405 1.074
8.022699 0.007300      0 0.001405 1.064
8.037300 0.007300 0.001405 0.001405 1.055
8.051901 0.007300 0.001405 0.001405 1.045
8.066500 0.007300      0 0.001405 1.035
8.081100 0.007300      0 0.001405 1.025
8.095700 0.007300 0.001405 0.001405 1.014
8.110300 0.007300      0 0.001405 1.003
8.124901 0.007300      0 0.001405 0.9913
8.139500 0.007300      0 0.001405 0.9790
8.154100 0.007300      0 0.001405 0.9664
8.168700 0.007300      0 0.001405 0.9533
8.183300 0.007300      0 0.001405 0.9402
8.197901 0.007300      0 0.001405 0.9269
8.212500 0.007300      0 0.001405 0.9135
8.227100 0.007300      0 0.001405 0.9002
8.241700 0.007300 0.001405 0.001405 0.8869
8.256300 0.007300      0 0.001405 0.8739
8.270901 0.007300      0 0.001405 0.8609
8.285500 0.007300      0 0.001405 0.8481
8.300100 0.007300      0 0.001405 0.8355
8.314700 0.007300      0 0.001405 0.8231
8.329300 0.007300 0.001405 0.001405 0.8109
8.343901 0.007300      0 0.001405 0.7989
8.358500 0.007300      0 0.001405 0.7870
8.373100 0.007300      0 0.001405 0.7753
8.387701 0.007300      0 0.001405 0.7639
8.402300 0.007300      0 0.001405 0.7527
8.416901 0.007300      0 0.001405 0.7416
8.431499 0.007300      0 0.001405 0.7307
8.446100 0.007300 0.001405 0.001405 0.7200
8.460701 0.007300      0 0.001405 0.7095
8.475300 0.007300 0.001405 0.001405 0.6992
8.489901 0.007300      0 0.001405 0.6890
8.504499 0.007300      0 0.001405 0.6790
8.519100 0.007300      0 0.001405 0.6692
8.533701 0.007300      0 0.001405 0.6595
8.548300 0.007300      0 0.001405 0.6500
8.562901 0.007300      0 0.001405 0.6406
8.577499 0.007300      0 0.001405 0.6313
8.592100 0.007300      0 0.001405 0.6221
8.606701 0.007300      0 0.001405 0.6130
8.621300 0.007300      0 0.001405 0.6041
8.635900 0.007300      0 0.001405 0.5952
8.650500 0.007300      0 0.001405 0.5864
8.665100 0.007300      0 0.001405 0.5777
8.679701 0.007300      0 0.001405 0.5691
8.694300 0.007300      0 0.001405 0.5605
8.708900 0.007300      0 0.001405 0.5520
8.723500 0.007300      0 0.001405 0.5435
8.738100 0.007300      0 0.001405 0.5352
8.752701 0.007300      0 0.001405 0.5269
8.767300 0.007300      0 0.001405 0.5187
8.781900 0.007300      0 0.001405 0.5105
8.796500 0.007300 0.001405 0.001405 0.5023
8.811100 0.007300 0.001405 0.001405 0.4943
8.825701 0.007300      0 0.001405 0.4863
8.840300 0.007300 0.001405 0.001405 0.4783
8.854900 0.007300      0 0.001405 0.4704
8.869500 0.007300      0 0.001405 0.4626
8.884100 0.007300      0 0.001405 0.4548
8.898701 0.007300      0 0.001405 0.4471
8.913300 0.007300      0 0.001405 0.4395
8.927900 0.007300      0 0.001405 0.4319
8.942500 0.007300      0 0.001405 0.4244
8.957100 0.007300      0 0.001405 0.4169
8.971701 0.007300      0 0.001405 0.4096
8.986300 0.007300      0 0.001405 0.4023
9.000900 0.007300      0 0.001405 0.3950
9.015501 0.007300      0 0.001405 0.3879
9.030100 0.007300      0 0.001405 0.3809
9.044701 0.007300      0 0.001405 0.3740
9.059299 0.007300      0 0.001405 0.3671
9.073900 0.007300      0 0.001405 0.3603
9.088501 0.007300      0 0.001405 0.3537
9.103100 0.007300      0 0.001405 0.3472
9.117701 0.007300      0 0.001405 0.3407
9.132299 0.007300      0 0.001405 0.3344
9.146900 0.007300      0 0.001405 0.3281
9.161501 0.007300      0 0.001405 0.3220
9.176100 0.007300      0 0.001405 0.3159
9.190701 0.007300      0 0.001405 0.3100
9.205299 0.007300 0.001405 0.001405 0.3041
9.219900 0.007300      0 0.001405 0.2983
9.234501 0.007300      0 0.001405 0.2927
9.249100 0.007300      0 0.001405 0.2871
9.263700 0.007300      0 0.001405 0.2816
9.278300 0.007300      0 0.001405 0.2762
9.292900 0.007300      0 0.001405 0.2710
9.307501 0.007300      0 0.001405 0.2658
9.322100 0.007300      0 0.001405 0.2607
9.336700 0.007300      0 0.001405 0.2557
9.351300 0.007300      0 0.001405 0.2508
9.365900 0.007300      0 0.001405 0.2460
9.380501 0.007300 0.001405 0.001405 0.2413
9.395100 0.007300      0 0.001405 0.2366
9.409700 0.007300      0 0.001405 0.2321
9.424300 0.007300      0 0.001405 0.2276
9.438900 0.007300      0 0.001405 0.2232
9.453501 0.007300      0 0.001405 0.2189
9.468100 0.007300      0 0.001405 0.2147
9.482700 0.007300      0 0.001405 0.2106
9.497300 0.007300      0 0.001405 0.2066
9.511900 0.007300      0 0.001405 0.2027
9.526501 0.007300      0 0.001405 0.1990
9.541100 0.007300      0 0.001405 0.1954
9.555700 0.007300      0 0.001405 0.1922
9.570301 0.007300      0 0.001405 0.1892
9.584900 0.007300      0 0.001405 0.1867
9.599501 0.007300      0 0.001405 0.1848
9.614100 0.007300      0 0.001405 0.1836
9.628700 0.007300      0 0.001405 0.1833
9.643301 0.007300      0 0.001405 0.1842
9.657900 0.007300      0 0.001405 0.1864
9.672501 0.007300      0 0.001405 0.1901
9.687099 0.007300 0.001405 0.001405 0.1955
9.701700 0.007300 0.001405 0.001405 0.2026
9.716301 0.007300      0 0.001405 0.2115
9.730900 0.007300      0 0.001405 0.2218
9.745501 0.007300      0 0.001405 0.2333
9.760099 0.007300      0 0.001405 0.2455
9.774700 0.007300      0 0.001405 0.2577
9.789301 0.007300      0 0.001405 0.2691
9.803900 0.007300      0 0.001405 0.2789
9.818501 0.007300 0.001405 0.001405 0.2862
9.833100 0.007300      0 0.001405 0.2902
9.847700 0.007300      0 0.001405 0.2904
9.862301 0.007300      0 0.001405 0.2862
9.876900 0.007300 0.001405 0.001405 0.2777
9.891500 0.007300      0 0.001405 0.2648
9.906100 0.007300      0 0.001405 0.2481
9.920700 0.007300      0 0.001405 0.2283
9.935301 0.007300      0 0.001405 0.2061
9.949900 0.007300      0 0.001405 0.1825
9.964500 0.007300      0 0.001405 0.1585
9.979100 0.007300      0 0.001405 0.1349
9.993700 0.007300      0 0.001405 0.1125
