           9           4
      0.00000      1.41000      2.83000      4.24000      7.07000      9.90000
      14.1400      21.2100      28.2800
     0.500000     0.700000     0.800000     0.900000
     0.306759     0.350441     0.541205     0.915083      2.23266      4.32749
      12.2779      24.8338      48.3104
     0.520404     0.573777     0.829050      1.37765      3.41560      6.47148
      16.3113      32.8820      57.3820
     0.734503     0.797203      1.09282      1.76150      4.25868      7.86797
      18.6330      37.4403      62.0315
      1.75592      1.84132      2.07361      2.76449      5.71898      10.1692
      22.1338      44.1257      66.9266
