           9           4
      0.00000      1.41000      2.83000      4.24000      7.07000      9.90000
      14.1400      21.2100      28.2800
     0.500000     0.700000     0.800000     0.900000
     0.337956     0.383281     0.577233     0.962479      2.31497      4.47689
      12.4386      24.9828      48.2999
     0.587728     0.641631     0.902522      1.46963      3.57017      6.70110
      16.5464      33.1099      57.3968
     0.878265     0.941209      1.22960      1.91213      4.47722      8.18987
      18.9375      37.7440      62.0853
      2.68691      2.77161      2.93212      3.47029      6.28880      10.8185
      22.7302      44.6155      67.2615
