           9           4
      0.00000      1.41000      2.83000      4.24000      7.07000      9.90000
      14.1400      21.2100      28.2800
     0.500000     0.700000     0.800000     0.900000
     0.250971     0.335558     0.687032      1.32820      3.65465      5.15738
      12.0365      23.8524      48.3379
     0.430547     0.534246      1.01924      1.89629      4.87774      7.41065
      16.0087      32.0784      64.5921
     0.594973     0.701613      1.26054      2.27759      5.65728      8.80498
      18.2900      36.6473      74.0448
      1.11817      1.21375      1.76277      2.89718      6.82419      10.8509
      21.5615      43.0996      83.4976
