           9           4
      0.00000      1.41000      2.83000      4.24000      7.07000      9.90000
      14.1400      21.2100      28.2800
     0.500000     0.700000     0.800000     0.900000
     0.294715     0.378448     0.736824      1.39676      3.75681      5.31904
      12.2495      24.0507      48.3284
     0.521703     0.619461      1.10775      2.00937      5.04184      7.67128
      16.3238      32.3595      64.4887
     0.774335     0.867037      1.40894      2.44699      5.89207      9.14707
      18.6866      37.0080      73.5399
      2.09055      2.18493      2.55562      3.47905      7.31668      11.5760
      22.3217      43.6778      82.5912
