           9           4
      0.00000      1.41000      2.83000      4.24000      7.07000      9.90000
      14.1400      21.2100      28.2800
     0.500000     0.700000     0.800000     0.900000
     0.223564     0.307559     0.652509      1.27428      3.58516      5.04616
      11.9169      23.7215      48.3303
     0.373656     0.481376     0.960464      1.81396      4.77154      7.26005
      15.8460      31.9379      64.4931
     0.496051     0.611512      1.16824      2.15877      5.51519      8.61916
      18.0668      36.4671      73.7621
     0.753517     0.863424      1.49699      2.66271      6.57500      10.4851
      21.1296      42.7586      83.0311
