           9           4
      0.00000      1.41000      2.83000      4.24000      7.07000      9.90000
      14.1400      21.2100      28.2800
     0.500000     0.700000     0.800000     0.900000
     0.292302     0.335223     0.524510     0.893119      2.19452      4.25826
      12.2035      24.7648      48.3153
     0.489206     0.542332     0.795003      1.33502      3.34397      6.36507
      16.2024      32.7764      57.3752
     0.667881     0.730469      1.02943      1.69170      4.15741      7.71879
      18.4920      37.2996      62.0066
      1.32448      1.41021      1.67576      2.43741      5.45492      9.86829
      21.8574      43.8988      66.7713
