           9           4
      0.00000      1.41000      2.83000      4.24000      7.07000      9.90000
      14.1400      21.2100      28.2800
     0.500000     0.700000     0.800000     0.900000
     0.262812     0.306069     0.491119     0.849800      2.12436      4.12803
      12.0606      24.6104      48.3176
     0.430212     0.483679     0.730605      1.25412      3.21081      6.17838
      16.0078      32.5820      57.3688
     0.562666     0.625506     0.923008      1.57057      3.97704      7.46653
      18.2511      37.0432      61.9260
     0.869613     0.957643      1.30209      2.11929      5.09598      9.40993
      21.3752      43.4744      66.1934
