           9           4
      0.00000      1.41000      2.83000      4.24000      7.07000      9.90000
      14.1400      21.2100      28.2800
     0.500000     0.700000     0.800000     0.900000
     0.277662     0.321063     0.508043     0.871859      2.16096      4.19543
      12.1340      24.6859      48.3152
     0.460689     0.514124     0.763870      1.29586      3.28001      6.27742
      16.1104      32.6834      57.3733
     0.620731     0.683524     0.980388      1.63509      4.07221      7.60218
      18.3802      37.1774      61.9617
      1.16910      1.25625      1.56279      2.33731      5.30650      9.66649
      21.6315      43.6944      66.4411
