           9           4
      0.00000      1.41000      2.83000      4.24000      7.07000      9.90000
      14.1400      21.2100      28.2800
     0.500000     0.700000     0.800000     0.900000
     0.271139     0.355332     0.709988      1.35981      3.70175      5.23191
      12.1348      23.9438      48.3335
     0.472573     0.573533      1.06005      1.94843      4.95340      7.53081
      16.1540      32.2080      64.5444
     0.677666     0.777880      1.32896      2.35569      5.76553      8.96271
      18.4728      36.8136      73.8121
      1.56648      1.66150      2.12831      3.16544      7.05125      11.1852
      21.9120      43.3662      83.0797
