           9           4
      0.00000      1.41000      2.83000      4.24000      7.07000      9.90000
      14.1400      21.2100      28.2800
     0.500000     0.700000     0.800000     0.900000
     0.237800     0.321854     0.669709      1.29987      3.62005      5.10174
      11.9821      23.7880      48.3312
     0.403255     0.508952     0.990263      1.85419      4.82595      7.34107
      15.9381      32.0187      64.5085
     0.550397     0.661295      1.21633      2.21770      5.59010      8.72195
      18.1883      36.5708      73.7771
     0.996783      1.10223      1.68590      2.81314      6.71751      10.6946
      21.3637      42.9404      83.0457
